eps1         u           sigma3       sigma3'     sigma1       sigma1'     p           q
[%]         [kPa]        [kPa]        [kPa]       [kPa]        [kPa]       [kPa]       [kPa] 

0.0000      500.6494     550.7978     50.1483     552.4782     51.8287     50.7085      1.6804
0.0000      502.2666     550.7640     48.4974     554.4310     52.1644     49.7197      3.6670
0.0008      504.8111     550.7640     45.9528     557.1833     52.3722     48.0926      6.4193
0.0251      506.5075     550.7640     44.2565     558.8117     52.3042     46.9391      8.0477
0.0503      507.7402     550.7302     42.9900     559.8658     52.1257     46.0352      9.1356
0.0778      508.8145     550.7302     41.9157     560.7815     51.9670     45.2661     10.0513
0.1058      509.7984     550.7302     40.9318     561.6001     51.8016     44.5551     10.8699
0.1351      510.5900     550.7640     40.1739     562.3108     51.7207     44.0229     11.5468
0.1634      511.3138     550.7302     39.4164     562.8918     51.5780     43.4702     12.1616
0.1896      512.0941     550.7640     38.6698     563.4645     51.3703     42.9033     12.7005
0.2161      512.7388     550.7302     37.9914     563.9259     51.1871     42.3900     13.1957
0.2409      513.2363     550.7640     37.5276     564.3573     51.1210     42.0587     13.5933
0.2664      513.8357     550.7302     36.8945     564.7317     50.8960     41.5616     14.0015
0.2919      514.2089     550.7640     36.5551     565.1084     50.8995     41.3365     14.3445
0.3169      514.6726     550.7640     36.0914     565.4513     50.7787     40.9872     14.6874
0.3444      515.1928     550.7302     35.5374     565.7490     50.5562     40.5437     15.0189
0.3722      515.6339     550.7302     35.0963     566.0479     50.4140     40.2022     15.3177
0.4011      515.9844     550.7302     34.7458     566.3680     50.3835     39.9583     15.6378
0.4282      516.4029     550.7302     34.3273     566.6557     50.2528     39.6358     15.9255
0.4562      516.7421     550.7302     33.9881     566.9324     50.1902     39.3888     16.2022
0.4835      517.1266     550.7302     33.6035     567.1981     50.0715     39.0929     16.4679
0.5114      517.4433     550.6964     33.2531     567.4083     49.9650     38.8237     16.7119
0.5376      517.7260     550.6964     32.9704     567.6091     49.8831     38.6080     16.9127
0.5615      518.0540     550.6964     32.6424     567.8427     49.7887     38.3578     17.1463
0.5887      518.3593     550.7302     32.3709     568.1093     49.7500     38.1639     17.3792
0.6156      518.7438     550.7302     31.9864     568.3421     49.5983     37.8570     17.6119
0.6437      519.0039     550.6964     31.6925     568.5300     49.5260     37.6370     17.8336
0.6703      519.2414     550.6964     31.4550     568.7194     49.4780     37.4626     18.0230
0.6974      519.4789     550.7302     31.2513     568.9640     49.4851     37.3292     18.2338
0.7267      519.8182     550.6964     30.8782     569.1297     49.3115     37.0226     18.4333
0.7543      519.9991     550.6626     30.6635     569.2848     49.2857     36.8709     18.6222
0.7814      520.2592     550.6964     30.4372     569.5506     49.2914     36.7219     18.8542
0.8100      520.5985     550.6626     30.0641     569.7592     49.1607     36.4296     19.0966
0.8371      520.8021     550.6626     29.8605     570.0556     49.2535     36.3249     19.3930
0.8640      521.0622     550.6626     29.6004     570.3518     49.2896     36.1635     19.6892
0.8918      521.3562     550.6626     29.3064     570.6369     49.2807     35.9645     19.9743
0.9195      521.6955     550.6626     28.9671     570.8896     49.1941     35.7095     20.2270
0.9484      521.8538     550.6626     28.8088     571.1097     49.2558     35.6245     20.4471
0.9766      522.1818     550.6288     28.4470     571.2959     49.1142     35.3361     20.6671
1.0047      522.3175     550.6626     28.3451     571.5281     49.2107     35.3003     20.8655
1.0319      522.5663     550.6626     28.0963     571.7267     49.1604     35.1177     21.0641
1.0588      522.7585     550.6288     27.8703     571.8591     49.1006     34.9470     21.2303
1.0869      522.9169     550.6288     27.7120     572.0357     49.1188     34.8476     21.4069
1.1141      523.0865     550.6626     27.5761     572.2247     49.1382     34.7635     21.5621
1.1406      523.2787     550.6626     27.3839     572.3907     49.1120     34.6266     21.7281
1.1669      523.4484     550.6288     27.1804     572.5659     49.1175     34.4928     21.9371
1.1969      523.6293     550.6288     26.9995     572.6987     49.0694     34.3561     22.0699
1.2250      523.7763     550.6288     26.8525     572.8426     49.0663     34.2571     22.2138
1.2531      523.9460     550.6288     26.6828     572.9865     49.0405     34.1354     22.3577
1.2815      524.1043     550.6288     26.5245     573.1302     49.0259     34.0250     22.5014
1.3084      524.2061     550.6288     26.4227     573.2420     49.0359     33.9605     22.6131
1.3346      524.2965     550.6288     26.3323     573.3646     49.0680     33.9108     22.7358
1.3619      524.4775     550.6288     26.1513     573.4975     49.0201     33.7742     22.8687
1.3882      524.6697     550.6626     25.9929     573.6752     49.0054     33.6637     23.0126
1.4160      524.7263     550.6626     25.9363     573.8079     49.0816     33.6514     23.1453
1.4451      524.8394     550.6626     25.8232     573.9402     49.1009     33.5824     23.2776
1.4728      525.0429     550.6626     25.6197     574.0514     49.0085     33.4159     23.3888
1.5010      525.0882     550.6288     25.5406     574.1286     49.0404     33.3739     23.4998
1.5301      525.2352     550.5950     25.3598     574.2162     48.9810     33.2336     23.6212
1.5587      525.3596     550.5950     25.2354     574.3270     48.9674     33.1461     23.7320
1.5842      525.4274     550.6288     25.2014     574.4722     49.0448     33.1492     23.8434
1.6113      525.5405     550.6288     25.0883     574.5405     48.9999     33.0588     23.9116
1.6375      525.6310     550.6288     24.9978     574.6409     49.0099     33.0018     24.0121
1.6638      525.7215     550.5950     24.8735     574.6968     48.9754     32.9075     24.1018
1.6916      525.8459     550.6288     24.7829     574.8520     49.0061     32.8573     24.2232
1.7189      525.9590     550.6288     24.6698     574.9733     49.0144     32.7847     24.3445
1.7452      526.0608     550.5950     24.5343     575.0397     48.9790     32.6825     24.4447
1.7728      526.1852     550.5950     24.4099     575.1503     48.9651     32.5949     24.5552
1.8017      526.3096     550.5950     24.2855     575.2284     48.9188     32.4966     24.6333
1.8294      526.3435     550.5612     24.2178     575.2836     48.9401     32.4585     24.7223
1.8566      526.4113     550.5950     24.1837     575.4491     49.0378     32.4684     24.8541
1.8837      526.5018     550.5612     24.0594     575.4724     48.9706     32.3631     24.9112
1.9091      526.6488     550.5612     23.9124     575.5831     48.9343     32.2530     25.0219
1.9374      526.6601     550.5950     23.9349     575.6630     49.0028     32.2909     25.0679
1.9659      526.7845     550.5612     23.7767     575.7710     48.9864     32.1799     25.2097
1.9931      526.8750     550.5612     23.6862     575.8598     48.9848     32.1191     25.2986
2.0212      526.9655     550.6288     23.6633     576.0265     49.0611     32.1292     25.3977
2.0493      527.0333     550.5950     23.5617     576.0599     49.0266     32.0500     25.4649
2.0773      527.1125     550.5274     23.4149     576.0914     48.9789     31.9363     25.5640
2.1042      527.1464     550.5274     23.3810     576.1695     49.0231     31.9284     25.6420
2.1298      527.2369     550.5274     23.2905     576.2266     48.9897     31.8569     25.6991
2.1569      527.3047     550.5274     23.2227     576.2938     48.9891     31.8115     25.7664
2.1842      527.3274     550.5612     23.2339     576.4479     49.1206     31.8628     25.8867
2.2126      527.4291     550.5274     23.0983     576.4810     49.0518     31.7495     25.9535
2.2397      527.4518     550.5274     23.0757     576.5587     49.1070     31.7528     26.0313
2.2674      527.5083     550.5274     23.0191     576.6681     49.1598     31.7327     26.1407
2.2964      527.6214     550.5274     22.9060     576.7559     49.1345     31.6489     26.2284
2.3245      527.6440     550.4936     22.8496     576.7570     49.1130     31.6041     26.2633
2.3453      527.7684     550.4599     22.6914     576.8237     49.0553     31.4794     26.3638
2.3782      527.7797     550.4936     22.7139     576.9016     49.1219     31.5166     26.4079
2.4041      527.8136     550.4599     22.6462     576.9350     49.1213     31.4712     26.4751
2.4311      527.8250     550.4599     22.6349     576.9913     49.1663     31.4787     26.5314
2.4568      527.9833     550.4936     22.5104     577.1028     49.1195     31.3801     26.6092
2.4839      528.0398     550.4599     22.4200     577.1993     49.1595     31.3332     26.7395
2.5131      528.1190     550.4599     22.3409     577.2337     49.1147     31.2655     26.7738
2.5414      528.0624     550.4936     22.4312     577.3867     49.3243     31.3956     26.8931
2.5678      528.1190     550.4599     22.3409     577.3880     49.2690     31.3169     26.9281
2.5959      528.1642     550.4599     22.2956     577.4754     49.3112     31.3008     27.0156
2.6232      528.1982     550.4599     22.2617     577.5630     49.3649     31.2961     27.1032
2.6502      528.2208     550.4599     22.2391     577.5978     49.3771     31.2851     27.1380
2.6765      528.2999     550.4261     22.1261     577.6413     49.3413     31.1979     27.2152
2.7019      528.3791     550.4261     22.0470     577.6976     49.3185     31.1375     27.2715
2.7292      528.3678     550.4599     22.0921     577.8188     49.4510     31.2117     27.3590
2.7561      528.4017     550.4261     22.0243     577.8725     49.4708     31.1732     27.4464
2.7819      528.4470     550.4261     21.9791     577.9392     49.4922     31.1501     27.5131
2.8098      528.5035     550.4261     21.9226     577.9946     49.4911     31.1121     27.5685
2.8391      528.4922     550.3923     21.9001     578.0369     49.5447     31.1150     27.6446
2.8671      528.6053     550.3923     21.7870     578.0923     49.4870     31.0203     27.7000
2.8934      528.6392     550.4599     21.8206     578.2262     49.5870     31.0761     27.7663
2.9184      528.6166     550.4261     21.8095     578.2590     49.6425     31.0871     27.8330
2.9409      528.6392     550.4599     21.8206     578.3391     49.6999     31.1137     27.8792
2.9615      528.6618     550.4599     21.7980     578.3543     49.6924     31.0962     27.8944
2.9880      528.7184     550.4599     21.7415     578.4520     49.7336     31.0722     27.9922
3.0141      528.7975     550.4599     21.6623     578.5077     49.7101     31.0116     28.0478
3.0429      528.7975     550.4599     21.6623     578.5625     49.7650     31.0299     28.1027
3.0712      528.7862     550.4599     21.6736     578.7017     49.9155     31.0876     28.2419
3.0980      528.8654     550.4261     21.5607     578.7233     49.8579     30.9931     28.2972
3.1245      528.8541     550.3923     21.5382     578.7659     49.9119     30.9961     28.3737
3.1504      528.8654     550.3923     21.5269     578.8004     49.9350     30.9963     28.4081
3.1754      528.8541     550.3585     21.5044     578.8434     49.9894     30.9994     28.4850
3.2007      528.8993     550.3923     21.4930     578.9013     50.0020     30.9960     28.5090
3.2273      528.9219     550.3585     21.4365     578.9753     50.0534     30.9755     28.6169
3.2558      528.9672     550.3923     21.4251     579.0532     50.0861     30.9788     28.6610
3.2841      528.9672     550.3585     21.3913     579.1056     50.1384     30.9737     28.7471
3.3135      528.9559     550.3585     21.4026     579.1494     50.1935     30.9996     28.7909
3.3414      529.0011     550.3247     21.3236     579.1808     50.1797     30.9423     28.8561
3.3681      528.9785     550.3585     21.3800     579.2695     50.2911     31.0170     28.9111
3.3949      529.0124     550.3247     21.3123     579.2802     50.2678     30.9641     28.9555
3.4198      529.0350     550.2909     21.2559     579.3124     50.2774     30.9297     29.0215
3.4472      529.0463     550.3247     21.2784     579.3694     50.3231     30.9599     29.0447
3.4723      529.0576     550.2909     21.2333     579.4015     50.3438     30.9368     29.1106
3.4984      529.0689     550.3247     21.2557     579.5007     50.4318     30.9811     29.1761
3.5260      529.1029     550.3247     21.2218     579.5762     50.4734     30.9723     29.2516
3.5545      529.1142     550.3247     21.2105     579.6409     50.5267     30.9826     29.3162
3.5826      529.1142     550.2909     21.1767     579.6719     50.5577     30.9704     29.3810
3.6100      529.1594     550.3247     21.1653     579.7916     50.6322     30.9876     29.4669
3.6367      529.1820     550.2909     21.1089     579.7601     50.5780     30.9319     29.4692
3.6625      529.1707     550.3247     21.1540     579.8278     50.6571     30.9883     29.5032
3.6890      529.2612     550.2909     21.0297     579.8382     50.5770     30.8788     29.5473
3.7163      529.2838     550.3247     21.0409     579.9264     50.6426     30.9081     29.6017
3.7433      529.2499     550.2571     21.0072     579.9133     50.6634     30.8926     29.6562
3.7706      529.2725     550.3247     21.0522     580.0560     50.7835     30.9626     29.7313
3.7978      529.2838     550.2571     20.9733     580.0846     50.8007     30.9158     29.8275
3.8249      529.2838     550.2571     20.9733     580.1075     50.8237     30.9234     29.8504
3.8534      529.3743     550.2571     20.8828     580.1613     50.7870     30.8509     29.9042
3.8816      529.3404     550.2571     20.9167     580.2047     50.8644     30.8993     29.9476
3.9085      529.3630     550.2909     20.9279     580.2823     50.9193     30.9251     29.9914
3.9333      529.4195     550.2571     20.8376     580.3347     50.9152     30.8634     30.0776
3.9596      529.3404     550.2233     20.8829     580.3657     51.0253     30.9304     30.1424
3.9849      529.3969     550.2233     20.8264     580.3890     50.9921     30.8816     30.1657
4.0115      529.5100     550.2233     20.7133     580.4745     50.9645     30.7970     30.2512
4.0386      529.4082     550.2233     20.8151     580.5285     51.1203     30.9168     30.3052
4.0667      529.4421     550.2233     20.7812     580.5821     51.1400     30.9008     30.3588
4.0965      529.4308     550.2233     20.7925     580.6248     51.1940     30.9263     30.4015
4.1248      529.4421     550.1895     20.7474     580.6758     51.2336     30.9095     30.4863
4.1532      529.4648     550.2233     20.7585     580.7838     51.3191     30.9454     30.5605
4.1807      529.4874     550.1895     20.7021     580.7621     51.2747     30.8930     30.5726
4.2060      529.4421     550.2233     20.7812     580.8502     51.4081     30.9901     30.6269
4.2312      529.4421     550.1895     20.7474     580.8604     51.4183     30.9710     30.6709
4.2593      529.4761     550.1895     20.7134     580.9346     51.4585     30.9618     30.7451
4.2876      529.5439     550.1895     20.6456     580.9879     51.4439     30.9117     30.7983
4.3150      529.4987     550.1895     20.6908     581.0622     51.5635     30.9817     30.8727
4.3441      529.5892     550.1895     20.6004     581.1048     51.5156     30.9054     30.9152
4.3729      529.4761     550.2233     20.7472     581.2124     51.7363     31.0769     30.9890
4.4014      529.4874     550.2233     20.7359     581.2758     51.7884     31.0868     31.0525
4.4273      529.4761     550.1895     20.7134     581.2336     51.7575     31.0615     31.0441
4.4531      529.4987     550.1895     20.6908     581.3290     51.8303     31.0707     31.1395
4.4810      529.4874     550.1895     20.7021     581.3406     51.8533     31.0858     31.1511
4.5077      529.4761     550.1219     20.6459     581.3577     51.8816     31.0578     31.2357
4.5371      529.4987     550.1895     20.6908     581.4779     51.9792     31.1203     31.2884
4.5644      529.5100     550.1219     20.6119     581.4635     51.9535     31.0591     31.3416
4.5914      529.5100     550.1219     20.6119     581.5169     52.0069     31.0769     31.3949
4.6201      529.5100     550.1557     20.6457     581.6137     52.1037     31.1317     31.4580
4.6494      529.5892     550.1219     20.5328     581.6220     52.0329     31.0328     31.5001
4.6778      529.5665     550.1557     20.5892     581.6879     52.1213     31.0999     31.5322
4.7045      529.5326     550.1557     20.6231     581.7411     52.2085     31.1516     31.5854
4.7302      529.5779     550.1557     20.5779     581.7740     52.1962     31.1173     31.6183
4.7564      529.5326     550.1219     20.5893     581.7936     52.2610     31.1465     31.6717
4.7815      529.5439     550.1557     20.6118     581.8604     52.3165     31.1800     31.7047
4.8087      529.5326     550.1895     20.6569     581.9782     52.4456     31.2531     31.7887
4.8378      529.5779     550.1219     20.5441     581.9733     52.3954     31.1612     31.8513
4.8661      529.6457     550.0881     20.4424     581.9920     52.3463     31.0770     31.9038
4.8937      529.6005     550.0881     20.4877     582.0757     52.4753     31.1502     31.9876
4.9242      529.5779     550.0881     20.5103     582.1068     52.5289     31.1832     32.0186
4.9525      529.5552     550.0881     20.5329     582.1282     52.5730     31.2129     32.0400
4.9795      529.5665     550.0543     20.4878     582.1369     52.5704     31.1820     32.0826
5.0062      529.5439     550.0543     20.5104     582.2001     52.6562     31.2257     32.1458
5.0333      529.5779     550.0881     20.5103     582.2557     52.6778     31.2328     32.1675
5.0621      529.5892     550.0543     20.4652     582.2946     52.7055     31.2120     32.2403
5.0884      529.6683     550.0881     20.4198     582.3710     52.7027     31.1808     32.2829
5.1160      529.6683     550.0881     20.4198     582.4235     52.7552     31.1983     32.3354
5.1453      529.6231     550.0881     20.4651     582.4753     52.8522     31.2608     32.3872
5.1712      529.6118     550.1219     20.5102     582.5930     52.9812     31.3338     32.4710
5.1998      529.6118     550.0881     20.4764     582.6009     52.9891     31.3139     32.5127
5.2291      529.6231     550.0881     20.4651     582.6320     53.0089     31.3130     32.5439
5.2578      529.6796     550.0543     20.3747     582.6398     52.9602     31.2365     32.5854
5.2838      529.6344     550.0543     20.4200     582.6823     53.0479     31.2959     32.6280
5.3103      529.6344     550.0881     20.4537     582.7687     53.1343     31.3473     32.6805
5.3371      529.6683     550.0881     20.4198     582.8314     53.1631     31.3342     32.7433
5.3656      529.6231     550.0543     20.4313     582.8391     53.2161     31.3595     32.7848
5.3959      529.6683     550.0543     20.3860     582.8903     53.2220     31.3313     32.8359
5.4249      529.6457     550.0543     20.4086     582.9316     53.2859     31.3677     32.8773
5.4530      529.6344     550.0543     20.4200     582.9629     53.3285     31.3895     32.9086
5.4809      529.7249     550.0206     20.2957     583.0015     53.2767     31.2893     32.9810
5.5103      529.6118     550.0206     20.4088     583.0221     53.4103     31.4093     33.0015
5.5384      529.6231     550.0206     20.3975     583.0636     53.4405     31.4118     33.0430
5.5649      529.6118     550.0206     20.4088     583.0953     53.4835     31.4337     33.0747
5.5923      529.6344     550.0206     20.3862     583.1883     53.5539     31.4421     33.1677
5.6206      529.6231     549.9868     20.3637     583.1855     53.5624     31.4299     33.1988
5.6499      529.6231     549.9868     20.3637     583.2469     53.6239     31.4504     33.2602
5.6781      529.6344     550.0206     20.3862     583.3118     53.6774     31.4832     33.2912
5.7072      529.6344     550.0206     20.3862     583.3732     53.7388     31.5037     33.3527
5.7342      529.6344     549.9868     20.3524     583.3811     53.7467     31.4838     33.3943
5.7623      529.6231     550.0543     20.4313     583.5103     53.8873     31.5833     33.4560
5.7888      529.6344     550.0543     20.4200     583.5214     53.8870     31.5756     33.4670
5.8184      529.6344     550.0206     20.3862     583.5487     53.9143     31.5622     33.5282
5.8457      529.6909     550.0543     20.3634     583.6137     53.9227     31.5499     33.5593
5.8750      529.6118     550.0206     20.4088     583.6512     54.0394     31.6190     33.6307
5.9038      529.7136     549.9868     20.2732     583.6481     53.9345     31.4936     33.6613
5.9305      529.7023     550.0206     20.3183     583.7336     54.0313     31.5560     33.7130
5.9590      529.6344     549.9868     20.3524     583.7611     54.1267     31.6105     33.7743
5.9878      529.6118     550.0206     20.4088     583.8356     54.2238     31.6805     33.8150
6.0167      529.6231     550.0543     20.4313     583.9100     54.2869     31.7165     33.8557
6.0442      529.6909     550.0206     20.3296     583.9275     54.2366     31.6319     33.9070
6.0718      529.7023     549.9868     20.2845     583.9450     54.2428     31.6039     33.9583
6.0983      529.6683     550.0206     20.3522     583.9794     54.3111     31.6719     33.9589
6.1247      529.6231     550.0206     20.3975     584.0311     54.4080     31.7343     34.0105
6.1546      529.6118     550.0206     20.4088     584.0916     54.4798     31.7658     34.0710
6.1827      529.6796     549.9868     20.3071     584.0985     54.4189     31.6777     34.1118
6.2107      529.6909     549.9530     20.2620     584.0953     54.4044     31.6428     34.1424
6.2388      529.6231     549.9868     20.3637     584.1800     54.5569     31.7614     34.1932
6.2683      529.6231     549.9530     20.3299     584.2270     54.6040     31.7546     34.2741
6.2973      529.6231     550.0206     20.3975     584.2942     54.6711     31.8220     34.2737
6.3234      529.6457     549.9868     20.3411     584.3119     54.6662     31.7828     34.3252
6.3506      529.5552     550.0206     20.4653     584.3663     54.8111     31.9139     34.3457
6.3771      529.6118     550.0206     20.4088     584.4176     54.8058     31.8744     34.3970
6.4050      529.5892     549.9868     20.3976     584.4345     54.8453     31.8802     34.4477
6.4334      529.5665     549.9868     20.4202     584.4851     54.9185     31.9197     34.4983
6.4611      529.5326     549.9868     20.4541     584.5256     54.9930     31.9671     34.5389
6.4876      529.5665     550.0206     20.4540     584.6207     55.0542     31.9874     34.6002
6.5162      529.5439     549.9868     20.4428     584.6271     55.0832     31.9896     34.6404
6.5437      529.4761     549.9868     20.5107     584.6677     55.1916     32.0710     34.6809
6.5720      529.5213     550.0206     20.4992     584.7620     55.2407     32.0797     34.7414
6.5990      529.5326     549.9868     20.4541     584.7486     55.2160     32.0414     34.7619
6.6247      529.4987     549.9868     20.4881     584.7898     55.2911     32.0891     34.8030
6.6517      529.5665     549.9868     20.4202     584.8203     55.2537     32.0314     34.8335
6.6788      529.5892     549.9868     20.3976     584.8912     55.3021     32.0324     34.9045
6.7071      529.4761     550.0206     20.5445     584.9246     55.4485     32.1792     34.9040
6.7347      529.4874     550.0206     20.5332     584.9852     55.4978     32.1881     34.9646
6.7636      529.4535     550.0206     20.5671     585.0047     55.5513     32.2285     34.9842
6.7929      529.4874     549.9868     20.4994     585.0105     55.5232     32.1740     35.0238
6.8235      529.4648     549.9868     20.5220     584.9889     55.5242     32.1894     35.0022
6.8522      529.3856     549.9868     20.6012     585.0591     55.6735     32.2919     35.0723
6.8782      529.3404     549.9868     20.6464     585.0898     55.7494     32.3474     35.1030
6.9043      529.3856     549.9530     20.5674     585.0360     55.6504     32.2617     35.0830
6.9298      529.4082     549.9530     20.5448     585.0870     55.6788     32.2561     35.1341
6.9580      529.3630     549.9192     20.5562     585.0628     55.6999     32.2708     35.1437
6.9867      529.4195     549.9530     20.5334     585.1666     55.7471     32.2713     35.2136
7.0140      529.4308     549.9192     20.4883     585.1629     55.7320     32.2362     35.2437
7.0422      529.4082     549.9192     20.5110     585.2027     55.7945     32.2721     35.2835
7.0719      529.3743     549.9192     20.5449     585.2621     55.8878     32.3258     35.3429
7.1000      529.3517     549.9192     20.5675     585.2715     55.9199     32.3516     35.3524
7.1280      529.3404     549.9192     20.5788     585.3013     55.9609     32.3728     35.3821
7.1553      529.3291     549.9868     20.6577     585.3887     56.0596     32.4583     35.4019
7.1811      529.3291     549.9530     20.6239     585.3753     56.0463     32.4314     35.4223
7.2080      529.3969     549.9868     20.5899     585.4593     56.0624     32.4140     35.4725
7.2363      529.3630     549.9530     20.5900     585.4550     56.0920     32.4240     35.5020
7.2635      529.3291     549.9530     20.6239     585.4647     56.1357     32.4612     35.5118
7.2912      529.3177     549.9192     20.6014     585.4707     56.1529     32.4519     35.5515
7.3213      529.3969     549.9530     20.5561     585.5432     56.1463     32.4195     35.5903
7.3485      529.3064     549.8854     20.5790     585.4753     56.1689     32.4423     35.5899
7.3772      529.2725     549.9530     20.6805     585.5822     56.3096     32.5569     35.6292
7.4040      529.3064     549.9530     20.6465     585.5920     56.2855     32.5262     35.6390
7.4299      529.2838     549.9530     20.6692     585.6021     56.3183     32.5522     35.6491
7.4566      529.2725     549.9530     20.6805     585.6320     56.3595     32.5735     35.6790
7.4850      529.2612     549.9192     20.6580     585.6476     56.3864     32.5675     35.7284
7.5133      529.2386     549.9530     20.7144     585.7207     56.4821     32.6370     35.7677
7.5414      529.2386     549.9192     20.6806     585.7061     56.4675     32.6096     35.7869
7.5706      529.2386     549.9530     20.7144     585.7387     56.5001     32.6430     35.7857
7.5999      529.2612     549.9530     20.6918     585.7374     56.4762     32.6199     35.7844
7.6276      529.1481     549.9192     20.7711     585.6627     56.5146     32.6856     35.7435
7.6536      529.0916     549.9530     20.8614     585.6564     56.5648     32.7625     35.7034
7.6811      529.1820     549.9530     20.7709     585.7159     56.5339     32.6919     35.7630
7.7079      529.2160     549.8854     20.6694     585.6781     56.4621     32.6003     35.7927
7.7342      529.2160     549.9192     20.7032     585.7919     56.5759     32.6608     35.8727
7.7617      529.2273     549.8516     20.6243     585.7637     56.5364     32.5950     35.9121
7.7891      529.1481     549.8854     20.7373     585.8169     56.6687     32.7144     35.9315
7.8180      529.1368     549.9192     20.7824     585.9095     56.7727     32.7791     35.9903
7.8475      529.2160     549.8854     20.6694     585.9142     56.6982     32.6790     36.0288
7.8759      529.1142     549.8516     20.7374     585.9294     56.8152     32.7633     36.0778
7.9028      529.1368     549.8854     20.7486     585.9626     56.8258     32.7743     36.0772
7.9298      529.1368     549.8854     20.7486     586.0021     56.8653     32.7875     36.1167
7.9567      529.1481     549.9192     20.7711     586.0553     56.9072     32.8164     36.1361
7.9854      529.1481     549.8854     20.7373     586.0802     56.9320     32.8022     36.1948
8.0130      529.1481     549.8854     20.7373     586.1093     56.9612     32.8119     36.2239
8.0407      529.1255     549.8854     20.7599     586.1583     57.0328     32.8509     36.2729
8.0690      529.1142     549.8854     20.7712     586.1871     57.0729     32.8718     36.3017
8.0958      529.2160     549.8854     20.6694     586.2264     57.0105     32.7831     36.3410
8.1259      529.1368     549.8516     20.7148     586.2306     57.0938     32.8411     36.3790
8.1550      528.9785     549.8516     20.8731     586.2390     57.2605     33.0023     36.3874
8.1826      529.0011     549.8516     20.8505     586.2780     57.2769     32.9926     36.4264
8.2089      528.9785     549.8854     20.9069     586.3512     57.3727     33.0622     36.4658
8.2361      529.0689     549.8516     20.7826     586.3265     57.2576     32.9410     36.4749
8.2630      528.9898     549.8516     20.8618     586.3557     57.3659     33.0298     36.5041
8.2903      529.0237     549.8178     20.7941     586.3708     57.3471     32.9784     36.5530
8.3199      528.9445     549.8516     20.9070     586.3928     57.4482     33.0874     36.5412
8.3488      528.9106     549.8178     20.9072     586.4570     57.5464     33.1202     36.6392
8.3789      529.0124     549.8178     20.8054     586.4847     57.4723     33.0277     36.6669
8.4087      529.0011     549.8516     20.8505     586.5663     57.5652     33.0887     36.7147
8.4364      528.9332     549.8516     20.9184     586.5751     57.6419     33.1595     36.7235
8.4637      528.8428     549.8178     20.9750     586.5403     57.6975     33.2159     36.7225
8.4905      528.8428     549.8178     20.9750     586.5693     57.7265     33.2255     36.7515
8.5178      528.8428     549.8178     20.9750     586.6180     57.7752     33.2418     36.8001
8.5440      528.8201     549.8516     21.0314     586.6810     57.8608     33.3079     36.8294
8.5723      528.8993     549.8178     20.9185     586.6656     57.7662     33.2011     36.8477
8.6008      528.8088     549.8178     21.0090     586.7235     57.9147     33.3109     36.9057
8.6288      528.8767     549.8178     20.9411     586.7520     57.8753     33.2525     36.9342
8.6561      528.8088     549.7840     20.9752     586.7369     57.9280     33.2928     36.9529
8.6848      528.8541     549.8178     20.9637     586.8086     57.9546     33.2940     36.9908
8.7130      528.7297     549.7840     21.0543     586.7833     58.0536     33.3874     36.9993
8.7401      528.7184     549.8178     21.0994     586.8457     58.1274     33.4421     37.0279
8.7665      528.7410     549.7840     21.0430     586.8211     58.0801     33.3887     37.0371
8.7930      528.6958     549.7502     21.0545     586.8260     58.1303     33.4131     37.0758
8.8195      528.6505     549.8178     21.1673     586.9224     58.2719     33.5355     37.1046
8.8483      528.6279     549.7840     21.1561     586.8968     58.2689     33.5270     37.1127
8.8756      528.5827     549.7840     21.2014     586.8955     58.3129     33.5719     37.1115
8.9043      528.6958     549.7840     21.0883     586.8838     58.1881     33.4549     37.0998
8.9333      528.6166     549.7840     21.1674     586.9116     58.2950     33.5433     37.1276
8.9608      528.7184     549.7502     21.0319     586.8567     58.1383     33.4007     37.1065
8.9885      528.5714     549.7502     21.1789     586.8652     58.2938     33.5505     37.1149
9.0149      528.5374     549.7502     21.2128     586.8940     58.3565     33.5940     37.1437
9.0420      528.6166     549.8178     21.2012     586.9801     58.3635     33.5886     37.1623
9.0680      528.6505     549.7840     21.1335     586.9653     58.3148     33.5273     37.1813
9.0953      528.5600     549.7840     21.2240     586.9838     58.4237     33.6239     37.1998
9.1250      528.5600     549.7840     21.2240     586.9914     58.4313     33.6264     37.2073
9.1542      528.5487     549.7840     21.2353     586.9992     58.4504     33.6403     37.2152
9.1837      528.5487     549.7502     21.2015     587.0125     58.4637     33.6222     37.2622
9.2118      528.6505     549.7840     21.1335     587.0742     58.4236     33.5635     37.2901
9.2394      528.5940     549.7840     21.1900     587.0924     58.4984     33.6262     37.3084
9.2665      528.5600     549.7164     21.1564     587.0432     58.4832     33.5987     37.3268
9.2927      528.5487     549.7840     21.2353     587.1493     58.6006     33.6904     37.3653
9.3204      528.5374     549.7502     21.2128     587.1041     58.5667     33.6641     37.3539
9.3473      528.5827     549.7502     21.1676     587.1423     58.5596     33.6316     37.3920
9.3747      528.5261     549.7502     21.2241     587.1703     58.6442     33.6975     37.4201
9.4036      528.5487     549.7502     21.2015     587.1879     58.6392     33.6807     37.4377
9.4313      528.5827     549.7840     21.2014     587.2299     58.6473     33.6833     37.4459
9.4581      528.5261     549.7840     21.2579     587.2385     58.7124     33.7427     37.4545
9.4862      528.5600     549.7502     21.1902     587.2521     58.6921     33.6908     37.5019
9.5140      528.5374     549.8178     21.2804     587.3377     58.8003     33.7870     37.5199
9.5437      528.5374     549.7840     21.2466     587.3407     58.8033     33.7655     37.5567
9.5694      528.5148     549.7840     21.2692     587.3398     58.8250     33.7878     37.5558
9.5962      528.5035     549.7502     21.2467     587.3342     58.8307     33.7747     37.5840
9.6243      528.5148     549.7502     21.2354     587.3912     58.8764     33.7824     37.6410
9.6518      528.4922     549.7840     21.2918     587.4135     58.9213     33.8350     37.6295
9.6806      528.5374     549.7502     21.2128     587.4168     58.8794     33.7683     37.6666
9.7091      528.5261     549.7840     21.2579     587.4681     58.9420     33.8193     37.6841
9.7376      528.4809     549.7164     21.2355     587.4181     58.9372     33.8028     37.7016
9.7666      528.5035     549.7840     21.2805     587.5226     59.0191     33.8600     37.7386
9.7931      528.5261     549.7164     21.1903     587.4537     58.9276     33.7694     37.7372
9.8213      528.5600     549.7502     21.1902     587.4757     58.9157     33.7653     37.7255
9.8468      528.5374     549.7164     21.1790     587.4704     58.9330     33.7637     37.7540
9.8733      528.4922     549.7164     21.2242     587.4886     58.9965     33.8150     37.7722
9.9027      528.4696     549.7502     21.2807     587.5591     59.0895     33.8836     37.8089
9.9316      528.4809     549.7502     21.2693     587.5861     59.1052     33.8813     37.8358
9.9591      528.5035     549.7502     21.2467     587.6332     59.1297     33.8744     37.8830
9.9881      528.4922     549.7164     21.2242     587.6263     59.1341     33.8609     37.9099
10.0168     528.5714     549.7502     21.1789     587.6871     59.1158     33.8245     37.9369
10.0455     528.4922     549.7502     21.2580     587.7043     59.2121     33.9094     37.9541
10.0735     528.5148     549.7502     21.2354     587.7218     59.2070     33.8926     37.9716
10.1002     528.4922     549.7502     21.2580     587.7691     59.2769     33.9310     38.0189
10.1302     528.4583     549.7840     21.3258     587.8098     59.3515     34.0010     38.0258
10.1569     528.4809     549.8178     21.3369     587.8713     59.3904     34.0214     38.0535
10.1846     528.4809     549.8516     21.3707     587.9616     59.4807     34.0741     38.1100
10.2140     528.5714     549.8178     21.2465     587.9446     59.3733     33.9554     38.1268
10.2423     528.5714     549.7840     21.2127     587.9281     59.3567     33.9273     38.1440
10.2714     528.4696     549.7840     21.3144     587.9547     59.4851     34.0380     38.1706
10.3006     528.4696     549.7840     21.3144     587.9812     59.5117     34.0469     38.1972
10.3287     528.4017     549.7840     21.3823     587.9887     59.5870     34.1172     38.2047
10.3560     528.4809     549.7840     21.3031     588.0160     59.5352     34.0471     38.2320
10.3810     528.4130     549.7840     21.3710     588.0443     59.6313     34.1244     38.2603
10.4085     528.3678     549.7502     21.3824     588.0280     59.6602     34.1417     38.2778
10.4357     528.4696     549.7164     21.2469     588.0215     59.5519     34.0152     38.3051
10.4646     528.4017     549.7502     21.3485     588.1110     59.7093     34.1354     38.3608
10.4927     528.4809     549.7502     21.2693     588.1476     59.6667     34.0685     38.3973
10.5209     528.3565     549.7502     21.3937     588.1549     59.7984     34.1953     38.4047
10.5500     528.3678     549.7502     21.3824     588.1910     59.8232     34.1960     38.4408
10.5765     528.3791     549.7164     21.3373     588.1555     59.7764     34.1504     38.4391
10.6023     528.3452     549.7502     21.4050     588.2268     59.8816     34.2306     38.4766
10.6282     528.4470     549.7502     21.3033     588.2156     59.7687     34.1251     38.4654
10.6548     528.3112     549.7502     21.4390     588.2624     59.9512     34.2764     38.5122
10.6811     528.3226     549.7502     21.4277     588.2996     59.9770     34.2775     38.5494
10.7098     528.3226     549.7502     21.4277     588.3357     60.0131     34.2895     38.5855
10.7376     528.2886     549.7502     21.4616     588.3722     60.0835     34.3356     38.6219
10.7663     528.3565     549.7164     21.3599     588.3259     59.9695     34.2298     38.6095
10.7948     528.2321     549.7164     21.4843     588.3814     60.1493     34.3727     38.6650
10.8218     528.2547     549.7502     21.4955     588.4520     60.1973     34.3961     38.7017
10.8499     528.2321     549.7502     21.5181     588.4785     60.2464     34.4276     38.7283
10.8769     528.3226     549.7164     21.3939     588.4330     60.1104     34.2994     38.7166
10.9028     528.1982     549.7502     21.5521     588.5039     60.3058     34.4700     38.7537
10.9297     528.2547     549.7502     21.4955     588.5115     60.2568     34.4160     38.7613
10.9571     528.2434     549.7502     21.5068     588.5577     60.3143     34.4426     38.8075
10.9838     528.2547     549.7164     21.4617     588.5606     60.3059     34.4098     38.8441
11.0107     528.2660     549.7502     21.4842     588.6116     60.3456     34.4380     38.8614
11.0373     528.3112     549.7502     21.4390     588.6387     60.3274     34.4018     38.8884
11.0642     528.3226     549.7502     21.4277     588.6752     60.3526     34.4027     38.9250
11.0934     528.2660     549.7502     21.4842     588.6914     60.4254     34.4646     38.9412
11.1211     528.3678     549.7502     21.3824     588.6889     60.3211     34.3620     38.9387
11.1476     528.2999     549.7502     21.4503     588.7641     60.4642     34.4549     39.0139
11.1750     528.3452     549.7502     21.4050     588.7425     60.3973     34.4025     38.9923
11.2009     528.3565     549.7164     21.3599     588.7359     60.3794     34.3664     39.0195
11.2285     528.2434     549.7502     21.5068     588.7962     60.5528     34.5221     39.0459
11.2568     528.2434     549.7164     21.4730     588.7885     60.5451     34.4970     39.0720
11.2845     528.2547     549.7164     21.4617     588.8244     60.5697     34.4977     39.1080
11.3107     528.2547     549.7164     21.4617     588.8418     60.5871     34.5035     39.1254
11.3382     528.2434     549.7164     21.4730     588.8297     60.5863     34.5108     39.1132
11.3649     528.1868     549.7164     21.5296     588.8660     60.6791     34.5794     39.1496
11.3935     528.2095     549.7164     21.5070     588.9208     60.7113     34.5751     39.2043
11.4202     528.2208     549.7502     21.5294     588.9427     60.7219     34.5936     39.1925
11.4464     528.1190     549.7164     21.5974     588.9455     60.8265     34.6738     39.2290
11.4725     528.0964     549.7502     21.6538     588.9965     60.9001     34.7359     39.2463
11.4998     528.0964     549.7164     21.6201     589.0083     60.9119     34.7173     39.2918
11.5272     528.0738     549.7502     21.6765     589.0876     61.0138     34.7889     39.3374
11.5541     528.0285     549.7164     21.6879     589.0418     61.0133     34.7964     39.3254
11.5842     528.1303     549.7502     21.6199     589.0910     60.9607     34.7335     39.3408
11.6122     528.1416     549.7502     21.6086     589.1074     60.9658     34.7277     39.3572
11.6395     528.0285     549.7164     21.6879     589.0998     61.0713     34.8157     39.3834
11.6659     528.1077     549.7164     21.6087     589.1073     60.9996     34.7390     39.3908
11.6914     528.0285     549.7164     21.6879     589.1438     61.1153     34.8304     39.4274
11.7165     527.9946     549.7502     21.7556     589.1664     61.1718     34.8944     39.4162
11.7431     527.9833     549.7840     21.8007     589.2171     61.2338     34.9451     39.4331
11.7710     527.9946     549.7840     21.7894     589.2717     61.2771     34.9520     39.4877
11.7992     527.9380     549.7164     21.7784     589.2299     61.2918     34.9495     39.5134
11.8279     527.9607     549.7502     21.7896     589.2699     61.3093     34.9628     39.5197
11.8538     528.0059     549.7502     21.7443     589.2966     61.2907     34.9264     39.5464
11.8808     528.0285     549.7840     21.7555     589.3662     61.3376     34.9495     39.5821
11.9073     527.8928     549.7840     21.8912     589.3829     61.4901     35.0908     39.5989
11.9331     527.9041     549.7840     21.8799     589.4096     61.5055     35.0884     39.6256
11.9582     527.8702     549.7164     21.8462     589.3403     61.4701     35.0542     39.6239
11.9829     527.8928     549.7840     21.8912     589.4254     61.5326     35.1050     39.6414
12.0113     527.9041     549.7502     21.8461     589.4362     61.5321     35.0748     39.6860
12.0394     527.9154     549.7502     21.8348     589.4522     61.5368     35.0688     39.7020
12.0663     527.8589     549.6826     21.8238     589.4107     61.5518     35.0664     39.7280
12.0943     527.8815     549.6826     21.8011     589.4171     61.5356     35.0460     39.7345
12.1212     527.8589     549.6826     21.8238     589.4527     61.5938     35.0804     39.7700
12.1466     527.8589     549.6826     21.8238     589.4603     61.6014     35.0830     39.7777
12.1735     527.8702     549.6826     21.8124     589.4863     61.6161     35.0803     39.8036
12.2008     527.8589     549.6826     21.8238     589.5025     61.6436     35.0970     39.8198
12.2296     527.8815     549.6826     21.8011     589.5180     61.6365     35.0796     39.8354
12.2557     527.8250     549.7164     21.8915     589.5781     61.7531     35.1787     39.8617
12.2833     527.9041     549.7164     21.8123     589.5942     61.6900     35.1049     39.8777
12.3106     527.8363     549.6826     21.8464     589.6241     61.7879     35.1602     39.9415
12.3375     527.8136     549.6826     21.8690     589.6309     61.8173     35.1851     39.9483
12.3643     527.8023     549.7502     21.9479     589.7149     61.9125     35.2694     39.9646
12.3930     527.8023     549.7502     21.9479     589.7303     61.9280     35.2746     39.9801
12.4200     527.7458     549.7502     22.0044     589.7465     62.0007     35.3365     39.9963
12.4458     527.7797     549.7164     21.9367     589.7010     61.9212     35.2649     39.9845
12.4705     527.8023     549.7502     21.9479     589.7330     61.9306     35.2755     39.9827
12.4961     527.8476     549.7164     21.8689     589.7255     61.8779     35.2052     40.0091
12.5226     527.7797     549.7164     21.9367     589.7704     61.9907     35.2880     40.0540
12.5490     527.7910     549.7164     21.9254     589.8058     62.0148     35.2885     40.0894
12.5760     527.8363     549.7164     21.8802     589.8314     61.9951     35.2518     40.1150
12.6032     527.8476     549.7164     21.8689     589.8759     62.0283     35.2553     40.1594
12.6314     527.7458     549.6826     21.9368     589.8386     62.0928     35.3222     40.1560
12.6578     527.7232     549.7164     21.9933     589.9077     62.1845     35.3903     40.1913
12.6874     527.7119     549.6826     21.9708     589.8698     62.1579     35.3665     40.1872
12.7129     527.7345     549.6826     21.9482     589.8770     62.1425     35.3463     40.1944
12.7393     527.7910     549.6488     21.8578     589.8311     62.0400     35.2519     40.1822
12.7659     527.7232     549.7164     21.9933     589.9433     62.2201     35.4022     40.2268
12.7923     527.7232     549.6826     21.9595     589.9446     62.2215     35.3801     40.2620
12.8191     527.8250     549.7164     21.8915     590.0039     62.1790     35.3206     40.2875
12.8452     527.7458     549.7164     21.9706     590.0203     62.2745     35.4052     40.3038
12.8733     527.7797     549.7164     21.9367     590.0357     62.2560     35.3765     40.3193
12.9012     527.7571     549.7164     21.9593     590.0606     62.3035     35.4074     40.3442
12.9283     527.7119     549.6826     21.9708     590.0426     62.3308     35.4241     40.3600
12.9534     527.8250     549.6826     21.8577     590.0310     62.2061     35.3071     40.3484
12.9790     527.8136     549.7164     21.9028     590.1002     62.2866     35.3640     40.3838
13.0043     527.7119     549.7164     22.0046     590.0979     62.3860     35.4651     40.3815
13.0300     527.8136     549.7502     21.9366     590.1764     62.3628     35.4120     40.4262
13.0577     527.8363     549.6826     21.8464     590.1243     62.2881     35.3269     40.4417
13.0846     527.7458     549.6826     21.9368     590.1401     62.3943     35.4227     40.4575
13.1124     527.8250     549.6826     21.8577     590.1461     62.3211     35.3455     40.4634
13.1398     527.7684     549.6826     21.9142     590.1899     62.4215     35.4166     40.5072
13.1673     527.7571     549.6826     21.9255     590.1960     62.4389     35.4300     40.5133
13.1931     527.7910     549.7164     21.9254     590.2177     62.4267     35.4258     40.5013
13.2182     527.7006     549.6826     21.9821     590.2099     62.5093     35.4912     40.5272
13.2449     527.8023     549.7502     21.9479     590.2933     62.4909     35.4622     40.5430
13.2698     527.7119     549.7164     22.0046     590.2855     62.5736     35.5276     40.5691
13.2966     527.7684     549.6826     21.9142     590.2675     62.4990     35.4425     40.5848
13.3237     527.6553     549.6826     22.0273     590.3018     62.6465     35.5670     40.6192
13.3522     527.6553     549.6826     22.0273     590.3073     62.6520     35.5689     40.6247
13.3795     527.6553     549.7164     22.0611     590.3753     62.7200     35.6141     40.6589
13.4085     527.6553     549.6826     22.0273     590.3091     62.6538     35.5695     40.6265
13.4370     527.5875     549.6826     22.0952     590.3428     62.7553     35.6485     40.6601
13.4633     527.5649     549.6826     22.1178     590.3398     62.7750     35.6702     40.6572
13.4901     527.6779     549.6826     22.0047     590.3554     62.6775     35.5623     40.6728
13.5153     527.5762     549.6826     22.1065     590.3718     62.7956     35.6695     40.6891
13.5400     527.5649     549.6826     22.1178     590.3695     62.8047     35.6801     40.6869
13.5678     527.5762     549.6488     22.0727     590.3790     62.8028     35.6494     40.7301
13.5950     527.5422     549.6826     22.1404     590.4187     62.8765     35.7191     40.7361
13.6219     527.5422     549.7502     22.2080     590.5205     62.9783     35.7981     40.7703
13.6504     527.5083     549.6826     22.1743     590.4489     62.9406     35.7631     40.7662
13.6775     527.5083     549.7164     22.2081     590.4980     62.9897     35.8020     40.7816
13.7056     527.5762     549.6826     22.1065     590.4791     62.9029     35.7053     40.7964
13.7340     527.5988     549.6826     22.0839     590.4750     62.8762     35.6813     40.7924
13.7591     527.5875     549.6826     22.0952     590.4912     62.9038     35.6980     40.8086
13.7856     527.4744     549.6488     22.1745     590.4636     62.9892     35.7794     40.8148
13.8123     527.4744     549.6488     22.1745     590.4791     63.0047     35.7845     40.8302
13.8407     527.4744     549.6488     22.1745     590.4937     63.0193     35.7894     40.8448
13.8676     527.5649     549.6826     22.1178     590.5428     62.9779     35.7378     40.8601
13.8947     527.4065     549.6488     22.2423     590.5335     63.1270     35.8706     40.8847
13.9221     527.4970     549.6488     22.1518     590.5486     63.0516     35.7851     40.8998
13.9492     527.3839     549.6488     22.2649     590.5637     63.1798     35.9032     40.9149
13.9758     527.3839     549.6826     22.2987     590.5662     63.1823     35.9266     40.8836
14.0027     527.3726     549.6488     22.2762     590.5664     63.1938     35.9154     40.9175
14.0287     527.3726     549.6826     22.3100     590.5878     63.2152     35.9451     40.9051
14.0546     527.3613     549.6826     22.3213     590.6034     63.2422     35.9616     40.9208
14.0819     527.4291     549.6151     22.1859     590.5509     63.1217     35.8312     40.9358
14.1117     527.4065     549.6488     22.2423     590.5984     63.1919     35.8922     40.9496
14.1407     527.3161     549.6826     22.3666     590.6651     63.3490     36.0274     40.9824
14.1682     527.3952     549.6488     22.2536     590.6368     63.2416     35.9163     40.9879
14.1956     527.3500     549.6826     22.3327     590.6575     63.3075     35.9909     40.9748
14.2252     527.3274     549.6826     22.3553     590.6713     63.3439     36.0182     40.9887
14.2515     527.2708     549.6488     22.3780     590.6529     63.3821     36.0460     41.0040
14.2775     527.3274     549.6826     22.3553     590.6835     63.3562     36.0222     41.0009
14.3038     527.3274     549.6826     22.3553     590.6896     63.3622     36.0243     41.0069
14.3285     527.4405     549.7164     22.2760     590.7395     63.2990     35.9503     41.0230
14.3548     527.4631     549.7164     22.2534     590.7641     63.3010     35.9359     41.0477
14.3836     527.4970     549.6826     22.1856     590.7537     63.2567     35.8760     41.0710
14.4115     527.4857     549.6826     22.1969     590.7589     63.2732     35.8890     41.0763
14.4396     527.5196     549.6488     22.1292     590.7395     63.2199     35.8261     41.0907
14.4661     527.4291     549.6488     22.2197     590.7454     63.3162     35.9185     41.0965
14.4950     527.4631     549.6488     22.1858     590.7501     63.2870     35.8862     41.1012
14.5212     527.4065     549.6488     22.2423     590.7560     63.3495     35.9447     41.1072
14.5467     527.4065     549.6488     22.2423     590.7623     63.3558     35.9468     41.1135
14.5735     527.3274     549.6488     22.3215     590.7494     63.4220     36.0217     41.1006
14.5999     527.2934     549.6151     22.3216     590.7493     63.4559     36.0330     41.1343
14.6282     527.3047     549.6488     22.3441     590.7880     63.4833     36.0572     41.1392
14.6556     527.3387     549.5813     22.2426     590.7628     63.4242     35.9698     41.1816
14.6833     527.3726     549.5813     22.2087     590.7865     63.4139     35.9438     41.2053
14.7110     527.2708     549.6488     22.3780     590.8593     63.5885     36.1148     41.2105
14.7383     527.2030     549.6488     22.4459     590.8553     63.6524     36.1814     41.2065
14.7654     527.3161     549.6151     22.2990     590.7992     63.4832     36.0271     41.1842
14.7908     527.1577     549.6488     22.4911     590.8300     63.6723     36.2182     41.1811
14.8189     527.2256     549.6488     22.4233     590.8534     63.6278     36.1581     41.2046
14.8451     527.2143     549.6151     22.4008     590.8162     63.6019     36.1345     41.2011
14.8726     527.2821     549.6151     22.3329     590.8583     63.5762     36.0807     41.2433
14.9009     527.2595     549.6488     22.3893     590.8877     63.6282     36.1356     41.2388
14.9296     527.2256     549.6151     22.3895     590.8862     63.6606     36.1465     41.2711
14.9563     527.2482     549.6151     22.3669     590.8455     63.5973     36.1103     41.2305
14.9840     527.2256     549.5813     22.3557     590.8537     63.6281     36.1132     41.2724
15.0106     527.2256     549.6151     22.3895     590.9023     63.6767     36.1519     41.2872
15.0369     527.2143     549.6151     22.4008     590.8803     63.6660     36.1559     41.2652
15.0630     527.2256     549.5813     22.3557     590.8430     63.6174     36.1096     41.2618
15.0876     527.1238     549.5813     22.4575     590.8403     63.7165     36.2105     41.2590
15.1142     527.1464     549.5813     22.4348     590.8458     63.6994     36.1897     41.2646
15.1422     527.2030     549.6151     22.4121     590.9028     63.6999     36.1747     41.2878
15.1716     527.1690     549.6151     22.4460     590.9070     63.7380     36.2100     41.2919
15.1984     527.0446     549.5813     22.5366     590.8878     63.8431     36.3055     41.3065
15.2271     527.0333     549.5813     22.5479     590.8738     63.8405     36.3121     41.2925
15.2572     526.9994     549.6151     22.6157     590.9114     63.9120     36.3811     41.2963
15.2849     527.0559     549.6151     22.5591     590.9070     63.8511     36.3231     41.2920
15.3117     527.0673     549.5813     22.5140     590.8418     63.7745     36.2675     41.2605
15.3394     527.0559     549.5813     22.5253     590.7915     63.7356     36.2621     41.2103
15.3642     527.0446     549.6151     22.5704     590.8592     63.8146     36.3185     41.2442
15.3928     527.0559     549.5813     22.5253     590.8482     63.7923     36.2810     41.2670
15.4219     527.1012     549.5813     22.4801     590.8708     63.7696     36.2432     41.2895
15.4493     527.0673     549.5475     22.4802     590.8420     63.7747     36.2450     41.2945
15.4772     527.0333     549.5813     22.5479     590.8438     63.8104     36.3021     41.2625
15.5059     527.0559     549.5813     22.5253     590.8298     63.7738     36.2748     41.2485
15.5335     527.0786     549.5813     22.5027     590.8622     63.7836     36.2630     41.2809
15.5590     526.9089     549.5813     22.6723     590.8314     63.9225     36.4224     41.2501
15.5839     526.8863     549.6151     22.7287     590.8530     63.9667     36.4747     41.2380
15.6098     526.8185     549.5813     22.7628     590.8249     64.0064     36.5107     41.2436
15.6359     526.8750     549.5813     22.7063     590.8121     63.9371     36.4499     41.2309
15.6635     526.7958     549.5475     22.7516     590.8198     64.0240     36.5091     41.2723
15.6906     526.8524     549.6151     22.7627     590.8833     64.0309     36.5187     41.2682
15.7193     526.8524     549.5813     22.7289     590.8537     64.0014     36.4864     41.2725
15.7480     526.7619     549.5813     22.8193     590.8580     64.0961     36.5783     41.2767
15.7759     526.7732     549.5475     22.7742     590.8014     64.0282     36.5256     41.2539
15.8047     526.8411     549.5813     22.7402     590.8211     63.9800     36.4868     41.2398
15.8291     526.7619     549.5813     22.8193     590.8183     64.0563     36.5650     41.2370
15.8537     526.7619     549.5813     22.8193     590.7971     64.0352     36.5580     41.2158
15.8799     526.7054     549.5475     22.8421     590.7413     64.0360     36.5734     41.1939
15.9054     526.7506     549.6151     22.8645     590.8238     64.0732     36.6007     41.2088
15.9328     526.8524     549.6151     22.7627     590.8652     64.0128     36.5127     41.2501
15.9623     526.7732     549.5813     22.8080     590.8534     64.0802     36.5654     41.2722
15.9901     526.7280     549.5813     22.8533     590.8124     64.0844     36.5970     41.2311
16.0202     526.6714     549.5813     22.9098     590.8341     64.1627     36.6608     41.2529
16.0478     526.7619     549.6151     22.8531     590.8634     64.1015     36.6026     41.2484
16.0747     526.7619     549.6151     22.8531     590.8593     64.0974     36.6012     41.2443
16.1014     526.6941     549.6151     22.9210     590.8280     64.1340     36.6587     41.2130
16.1270     526.6827     549.6151     22.9323     590.8337     64.1509     36.6718     41.2186
16.1526     526.6941     549.5813     22.8872     590.7691     64.0750     36.6165     41.1878
16.1789     526.7167     549.5813     22.8646     590.8290     64.1123     36.6138     41.2477
16.2082     526.6601     549.5813     22.9211     590.8419     64.1818     36.6747     41.2606
16.2376     526.6714     549.5475     22.8760     590.7936     64.1221     36.6247     41.2461
16.2664     526.6601     549.5475     22.8873     590.7794     64.1193     36.6313     41.2320
16.2937     526.6262     549.5813     22.9551     590.8361     64.2099     36.7067     41.2549
16.3212     526.6488     549.5475     22.8986     590.7797     64.1309     36.6427     41.2322
16.3484     526.5923     549.6151     23.0228     590.8157     64.2235     36.7563     41.2007
16.3729     526.6488     549.5813     22.9324     590.8153     64.1664     36.6771     41.2340
16.3990     526.5810     549.5475     22.9665     590.7868     64.2058     36.7129     41.2393
16.4276     526.6488     549.5813     22.9324     590.8246     64.1758     36.6802     41.2433
16.4550     526.5018     549.5475     23.0457     590.6956     64.1938     36.7617     41.1482
16.4840     526.5244     549.6151     23.0906     590.7399     64.2155     36.7989     41.1248
16.5134     526.5018     549.6151     23.1132     590.7163     64.2145     36.8137     41.1013
16.5436     526.5697     549.5813     23.0116     590.6495     64.0799     36.7010     41.0683
16.5726     526.5583     549.6151     23.0567     590.7144     64.1560     36.7565     41.0993
16.6003     526.4566     549.6151     23.1585     590.6826     64.2260     36.8477     41.0675
16.6275     526.5131     549.5475     23.0344     590.6107     64.0975     36.7221     41.0632
16.6540     526.4566     549.5813     23.1247     590.6314     64.1748     36.8081     41.0501
16.6798     526.4679     549.5813     23.1134     590.6187     64.1508     36.7925     41.0374
16.7095     526.5583     549.5475     22.9891     590.5884     64.0300     36.6694     41.0409
16.7383     526.4905     549.5813     23.0908     590.6532     64.1627     36.7814     41.0719
16.7677     526.4792     549.5813     23.1021     590.6387     64.1595     36.7879     41.0575
16.7969     526.5018     549.5475     23.0457     590.6266     64.1248     36.7387     41.0792
16.8253     526.4566     549.5475     23.0909     590.6126     64.1560     36.7793     41.0651
16.8539     526.4226     549.5475     23.1248     590.5805     64.1578     36.8025     41.0330
16.8810     526.4113     549.5475     23.1361     590.5490     64.1377     36.8033     41.0015
16.9085     526.3435     549.5813     23.2378     590.5692     64.2257     36.9004     40.9880
16.9345     526.3548     549.5475     23.1927     590.4956     64.1408     36.8420     40.9481
16.9624     526.2982     549.5813     23.2830     590.5336     64.2354     36.9338     40.9524
16.9925     526.2869     549.5813     23.2943     590.5548     64.2679     36.9522     40.9736
17.0221     526.3209     549.5813     23.2604     590.5042     64.1833     36.9014     40.9229
17.0506     526.2417     549.5475     23.3058     590.4653     64.2236     36.9451     40.9179
17.0789     526.2530     549.5475     23.2945     590.4784     64.2254     36.9381     40.9309
17.1304     526.2530     549.5475     23.2945     590.4530     64.2000     36.9296     40.9055
17.1372     526.1738     549.5813     23.4074     590.4204     64.2466     37.0205     40.8392
17.1636     526.2530     549.5813     23.3283     590.4074     64.1544     36.9370     40.8262
17.1919     526.1852     549.5137     23.3285     590.3439     64.1587     36.9386     40.8302
17.2204     526.1965     549.5813     23.3848     590.4423     64.2459     37.0052     40.8611
17.2482     526.2417     549.5813     23.3396     590.4646     64.2229     36.9673     40.8833
17.2775     526.2191     549.5475     23.3284     590.4163     64.1972     36.9513     40.8689
17.3060     526.1852     549.5813     23.3961     590.4360     64.2509     37.0144     40.8548
17.3344     526.1965     549.5475     23.3510     590.3703     64.1738     36.9586     40.8228
17.3637     526.1852     549.5137     23.3285     590.3489     64.1638     36.9403     40.8352
17.3916     526.1286     549.5137     23.3851     590.3082     64.1796     36.9832     40.7945
17.4184     526.1060     549.5475     23.4415     590.3019     64.1959     37.0263     40.7544
17.4469     526.1173     549.6151     23.4978     590.4002     64.2829     37.0928     40.7852
17.4746     526.1060     549.6151     23.5091     590.3865     64.2805     37.0995     40.7715
17.5012     526.1286     549.5813     23.4527     590.3396     64.2110     37.0388     40.7583
17.5289     526.1060     549.5475     23.4415     590.3100     64.2040     37.0290     40.7626
17.5555     526.1399     549.5475     23.4076     590.2790     64.1391     36.9847     40.7315
17.5838     526.2191     549.5475     23.3284     590.2560     64.0370     36.8979     40.7086
17.6131     526.1965     549.5813     23.3848     590.2932     64.0968     36.9555     40.7120
17.6427     526.2078     549.5813     23.3735     590.2786     64.0709     36.9393     40.6974
17.6706     526.1060     549.5813     23.4753     590.2380     64.1320     37.0275     40.6568
17.6971     526.0947     549.5475     23.4528     590.1643     64.0696     36.9917     40.6168
17.7251     526.0947     549.5813     23.4866     590.1843     64.0896     37.0209     40.6030
17.7514     526.0947     549.5137     23.4190     590.0948     64.0001     36.9460     40.5811
17.7799     526.1173     549.5475     23.4302     590.1234     64.0061     36.9555     40.5760
17.8089     526.1060     549.5137     23.4077     590.0664     63.9604     36.9253     40.5528
17.8356     526.0947     549.5475     23.4528     590.0335     63.9388     36.9481     40.4860
17.8630     526.0721     549.5475     23.4754     590.0022     63.9301     36.9603     40.4547
17.8911     526.0947     549.5475     23.4528     589.9080     63.8134     36.9063     40.3606
17.9210     526.1399     549.5137     23.3738     589.7882     63.6483     36.7986     40.2745
17.9488     526.1852     549.5137     23.3285     589.7568     63.5716     36.7429     40.2431
17.9765     526.0721     549.5137     23.4416     589.7165     63.6444     36.8425     40.2028
18.0036     526.0947     549.5137     23.4190     589.7032     63.6085     36.8155     40.1895
18.0320     526.1173     549.5137     23.3964     589.6982     63.5809     36.7912     40.1845
18.0609     526.1173     549.5137     23.3964     589.6484     63.5311     36.7746     40.1347
18.0890     526.1625     549.5137     23.3511     589.6257     63.4632     36.7218     40.1120
18.1166     526.1625     549.5137     23.3511     589.5677     63.4052     36.7025     40.0541
18.1457     526.1625     549.5475     23.3849     589.6051     63.4425     36.7375     40.0576
18.1743     526.2078     549.5137     23.3059     589.5395     63.3318     36.6479     40.0259
18.2018     526.2191     549.5475     23.3284     589.5243     63.3052     36.6540     39.9769
18.2303     526.2191     549.5137     23.2946     589.4411     63.2220     36.6037     39.9274
18.2581     526.2530     549.5475     23.2945     589.4524     63.1994     36.5961     39.9050
18.2862     526.2417     549.5137     23.2720     589.3783     63.1366     36.5602     39.8646
18.3131     526.2982     549.5137     23.2154     589.3740     63.0758     36.5022     39.8603
18.3413     526.3435     549.5137     23.1702     589.3603     63.0168     36.4524     39.8466
18.3712     526.3209     549.5475     23.2266     589.3174     62.9965     36.4833     39.7699
18.4011     526.2530     549.5475     23.2945     589.2940     63.0409     36.5433     39.7465
18.4297     526.2530     549.5137     23.2607     589.2551     63.0021     36.5078     39.7414
18.4586     526.2417     549.4799     23.2382     589.1984     62.9567     36.4777     39.7185
18.4873     526.2191     549.4799     23.2608     589.1578     62.9387     36.4868     39.6779
18.5141     526.2191     549.5137     23.2946     589.1609     62.9418     36.5103     39.6472
18.5418     526.2078     549.5137     23.3059     589.1032     62.8954     36.5024     39.5895
18.5702     526.2191     549.5137     23.2946     589.0717     62.8526     36.4806     39.5580
18.6005     526.2304     549.4799     23.2495     589.0320     62.8016     36.4335     39.5521
18.6276     526.2869     549.5475     23.2605     589.0599     62.7730     36.4313     39.5124
18.6558     526.2869     549.5137     23.2267     588.9771     62.6902     36.3812     39.4634
18.6853     526.2417     549.5475     23.3058     588.9966     62.7549     36.4555     39.4491
18.7132     526.2304     549.5475     23.3171     588.9742     62.7438     36.4593     39.4267
18.7418     526.2530     549.5137     23.2607     588.9001     62.6471     36.3895     39.3864
18.7705     526.2304     549.5137     23.2833     588.8508     62.6205     36.3957     39.3372
18.7988     526.1965     549.5137     23.3172     588.8107     62.6142     36.4162     39.2970
18.8254     526.1852     549.4799     23.2947     588.7640     62.5789     36.3894     39.2841
18.8531     526.2078     549.4799     23.2721     588.7418     62.5340     36.3594     39.2619
18.8826     526.2191     549.5475     23.3284     588.8039     62.5848     36.4139     39.2564
18.9088     526.2078     549.5137     23.3059     588.7222     62.5145     36.3754     39.2085
18.9377     526.1965     549.5137     23.3172     588.7082     62.5118     36.3821     39.1946
18.9680     526.1965     549.4799     23.2834     588.6598     62.4633     36.3434     39.1799
18.9968     526.2078     549.4799     23.2721     588.6195     62.4117     36.3187     39.1396
19.0257     526.2982     549.4799     23.1816     588.6055     62.3073     36.2235     39.1256
19.0538     526.1965     549.4799     23.2834     588.5480     62.3515     36.3061     39.0681
19.0812     526.2756     549.4799     23.2043     588.5611     62.2855     36.2313     39.0812
19.1077     526.2191     549.5137     23.2946     588.5382     62.3191     36.3028     39.0245
19.1359     526.2643     549.4461     23.1818     588.4394     62.1751     36.1796     38.9934
19.1638     526.2530     549.5137     23.2607     588.5023     62.2493     36.2569     38.9887
19.1905     526.2417     549.4799     23.2382     588.4381     62.1964     36.2243     38.9582
19.2183     526.2643     549.4799     23.2156     588.4247     62.1604     36.1972     38.9448
19.2462     526.2417     549.4799     23.2382     588.4113     62.1696     36.2153     38.9314
19.2741     526.3096     549.4799     23.1703     588.3803     62.0707     36.1371     38.9004
19.3023     526.2417     549.4799     23.2382     588.3492     62.1075     36.1946     38.8693
19.3284     526.3209     549.4799     23.1590     588.3453     62.0245     36.1142     38.8654
19.3546     526.2643     549.4799     23.2156     588.3065     62.0421     36.1578     38.8266
19.3825     526.2530     549.4799     23.2269     588.3018     62.0488     36.1675     38.8219
19.4098     526.3435     549.4799     23.1364     588.2798     61.9364     36.0697     38.8000
19.4380     526.2756     549.4799     23.2043     588.2488     61.9732     36.1272     38.7689
19.4653     526.2643     549.4799     23.2156     588.2531     61.9888     36.1400     38.7733
19.4936     526.2417     549.4799     23.2382     588.2220     61.9803     36.1522     38.7421
19.5216     526.2756     549.4799     23.2043     588.1911     61.9155     36.1080     38.7112
19.5505     526.2982     549.4799     23.1816     588.1422     61.8440     36.0691     38.6623
19.5777     526.3322     549.4799     23.1477     588.1466     61.8145     36.0366     38.6668
19.6048     526.3322     549.5137     23.1815     588.1499     61.8178     36.0603     38.6362
19.6329     526.2756     549.4799     23.2043     588.1026     61.8270     36.0785     38.6227
19.6601     526.2643     549.4799     23.2156     588.0721     61.8078     36.0796     38.5922
19.6872     526.3774     549.4799     23.1025     588.0765     61.6991     35.9680     38.5966
19.7147     526.3548     549.5137     23.1589     588.0622     61.7074     36.0084     38.5485
19.7425     526.2982     549.5137     23.2154     588.0489     61.7506     36.0605     38.5352
19.7696     526.2869     549.4799     23.1930     588.0108     61.7238     36.0366     38.5309
19.7956     526.3209     549.5137     23.1928     588.0321     61.7112     36.0323     38.5184
19.8239     526.2756     549.4799     23.2043     587.9760     61.7004     36.0363     38.4961
19.8512     526.2643     549.4799     23.2156     587.9455     61.6811     36.0374     38.4656
19.8772     526.2756     549.4799     23.2043     587.9417     61.6661     36.0249     38.4618
19.9057     526.2756     549.4799     23.2043     587.9193     61.6437     36.0174     38.4394
19.9323     526.2530     549.4799     23.2269     587.9066     61.6536     36.0358     38.4267
19.9610     526.3435     549.4799     23.1364     587.9015     61.5580     35.9436     38.4216
19.9879     526.2530     549.5137     23.2607     587.9137     61.6606     36.0607     38.4000
20.0139     526.2756     549.5137     23.2381     587.9186     61.6430     36.0397     38.4049
20.0414     526.3322     549.5475     23.2153     587.9131     61.5809     36.0038     38.3656
20.0697     526.3096     549.5137     23.2041     587.8744     61.5648     35.9910     38.3607
20.0957     526.3548     549.4799     23.1251     587.8195     61.4647     35.9050     38.3396
20.1222     526.2982     549.4799     23.1816     587.7981     61.4998     35.9544     38.3182
20.1468     526.3435     549.4799     23.1364     587.7689     61.4255     35.8994     38.2891
20.1733     526.2530     549.4461     23.1931     587.7224     61.4694     35.9519     38.2763
20.1994     526.2982     549.4799     23.1816     587.7523     61.4541     35.9391     38.2725
20.2260     526.3096     549.5137     23.2041     587.7907     61.4812     35.9631     38.2771
20.2527     526.3096     549.4799     23.1703     587.7441     61.4346     35.9251     38.2642
20.2807     526.3209     549.5475     23.2266     587.7983     61.4774     35.9769     38.2508
20.3098     526.3322     549.5137     23.1815     587.7678     61.4357     35.9329     38.2542
20.3373     526.3322     549.5137     23.1815     587.7200     61.3878     35.9170     38.2063
20.3635     526.3774     549.5137     23.1363     587.7421     61.3647     35.8791     38.2284
