eps1         u           sigma3       sigma3'     sigma1       sigma1'      p           q
[%]         [kPa]        [kPa]        [kPa]       [kPa]        [kPa]        [kPa]       [kPa] 

0.0000      500.9763     599.6847     98.7084     602.0796     101.1032     99.5067      2.3948
0.0203      505.1857     599.7495     94.5638     606.7323     101.5466     96.8914      6.9828
0.0432      508.6988     599.7333     91.0345     611.5897     102.8909     94.9866     11.8564
0.0697      512.2929     599.7009     87.4080     615.2188     102.9259     92.5806     15.5179
0.0953      516.0004     599.7495     83.7491     618.9394     102.9390     90.1458     19.1899
0.1243      518.7688     599.7981     81.0293     621.3737     102.6049     88.2211     21.5756
0.1456      520.7925     599.7657     78.9732     623.2763     102.4837     86.8100     23.5106
0.1626      522.5086     599.7333     77.2247     624.7921     102.2835     85.5776     25.0588
0.1924      523.9981     599.7657     75.7676     626.3138     102.3157     84.6170     26.5481
0.2252      525.3904     599.7495     74.3591     627.1326     101.7422     83.4868     27.3831
0.2492      526.6208     599.7819     73.1611     628.6146     101.9938     82.7720     28.8327
0.2749      527.8027     599.7495     71.9468     629.1996     101.3969     81.7635     29.4500
0.3027      528.9845     599.7009     70.7164     630.6287     101.6442     81.0257     30.9278
0.3238      530.0692     599.7171     69.6479     631.5576     101.4883     80.2614     31.8404
0.3469      531.0892     599.7009     68.6117     632.3873     101.2981     79.5072     32.6864
0.3708      532.0282     599.7171     67.6889     632.9954     100.9672     78.7817     33.2783
0.4002      532.8862     599.6847     66.7985     633.8778     100.9916     78.1962     34.1931
0.4269      533.7119     599.7171     66.0052     634.5569     100.8450     77.6185     34.8398
0.4513      534.4728     599.6847     65.2119     635.1717     100.6989     77.0409     35.4870
0.4797      535.1852     599.7171     64.5319     635.7275     100.5424     76.5354     36.0104
0.5078      535.7680     599.7009     63.9329     636.2498     100.4818     76.1159     36.5489
0.5295      536.4480     599.7171     63.2691     636.7761     100.3281     75.6221     37.0590
0.5545      537.1118     599.6523     62.5406     637.2504     100.1387     75.0733     37.5981
0.5816      537.6784     599.6685     61.9901     637.7589     100.0805     74.6869     38.0904
0.6102      538.2774     599.6685     61.3911     638.2504      99.9730     74.2517     38.5818
0.6360      538.8279     599.6361     60.8083     638.6494      99.8215     73.8127     39.0133
0.6652      539.3621     599.6523     60.2902     639.0802      99.7181     73.4328     39.4279
0.6905      539.7992     599.6685     59.8693     639.4210      99.6218     73.1201     39.7525
0.7164      540.2202     599.7009     59.4807     639.8232      99.6030     72.8548     40.1223
0.7367      540.7221     599.6199     58.8979     640.0686      99.3465     72.3808     40.4486
0.7614      541.0782     599.6685     58.5903     640.4263      99.3481     72.1762     40.7578
0.7872      541.5639     599.6523     58.0884     640.7643      99.2004     71.7924     41.1120
0.8101      541.9525     599.6199     57.6675     641.1023      99.1498     71.4949     41.4823
0.8356      542.4220     599.6199     57.1980     641.4410      99.0190     71.1383     41.8210
0.8584      542.7134     599.6361     56.9228     641.7513      99.0379     70.9611     42.1152
0.8875      543.1343     599.6523     56.5180     642.0436      98.9093     70.6484     42.3912
0.9145      543.5067     599.6847     56.1780     642.4287      98.9220     70.4260     42.7440
0.9411      543.7819     599.6523     55.8704     642.5973      98.8154     70.1854     42.9450
0.9668      544.2028     599.6523     55.4495     642.9199      98.7170     69.8720     43.2675
0.9915      544.4295     599.6523     55.2228     643.1062      98.6767     69.7075     43.4539
1.0124      544.7533     599.6199     54.8667     643.3376      98.5843     69.4392     43.7177
1.0341      545.1257     599.6685     54.5429     643.6192      98.4935     69.1931     43.9507
1.0607      545.4333     599.6361     54.2029     643.8478      98.4146     68.9401     44.2117
1.0864      545.7085     599.6038     53.8953     644.0463      98.3379     68.7095     44.4426
1.1126      545.9351     599.6361     53.7010     644.3548      98.4197     68.6072     44.7187
1.1389      546.2266     599.6199     53.3934     644.5084      98.2819     68.3562     44.8885
1.1629      546.5503     599.6523     53.1020     644.7570      98.2067     68.1369     45.1047
1.1904      546.7284     599.6199     52.8915     644.9240      98.1955     67.9929     45.3040
1.2131      546.9713     599.6523     52.6811     645.1275      98.1563     67.8395     45.4752
1.2405      547.2789     599.6523     52.3735     645.3570      98.0781     67.6083     45.7047
1.2671      547.5055     599.6685     52.1630     645.6331      98.1276     67.4845     45.9646
1.2920      547.6998     599.6199     51.9201     645.7846      98.0848     67.3084     46.1647
1.3173      548.0236     599.6361     51.6125     645.9855      97.9619     67.0623     46.3493
1.3483      548.2017     599.6523     51.4506     646.1987      97.9970     66.9661     46.5463
1.3765      548.3798     599.5714     51.1916     646.2857      97.9059     66.7630     46.7143
1.4000      548.6226     599.6523     51.0297     646.5368      97.9141     66.6579     46.8844
1.4246      548.8169     599.6361     50.8192     646.6750      97.8581     66.4989     47.0389
1.4493      549.0112     599.6847     50.6735     646.8930      97.8818     66.4096     47.2082
1.4789      549.2378     599.6361     50.3983     646.9962      97.7584     66.1850     47.3601
1.5047      549.3674     599.6523     50.2850     647.1660      97.7986     66.1229     47.5137
1.5345      549.6102     599.6847     50.0745     647.4253      97.8151     65.9881     47.7406
1.5620      549.7235     599.6199     49.8964     647.5131      97.7895     65.8608     47.8931
1.5847      549.9664     599.6685     49.7022     647.7466      97.7802     65.7282     48.0780
1.6101      550.1768     599.6523     49.4755     647.8687      97.6919     65.5476     48.2164
1.6403      550.2578     599.7171     49.4593     648.1146      97.8568     65.5918     48.3975
1.6683      550.4197     599.6199     49.2003     648.1241      97.7044     65.3683     48.5042
1.6924      550.5816     599.6685     49.0869     648.3114      97.7298     65.3012     48.6429
1.7147      550.7435     599.6523     48.9089     648.4649      97.7214     65.1797     48.8125
1.7398      550.9054     599.6523     48.7470     648.5427      97.6373     65.0437     48.8903
1.7652      551.0997     599.6361     48.5365     648.6944      97.5948     64.8893     49.0583
1.7897      551.2454     599.7171     48.4718     648.9287      97.6833     64.8756     49.2115
1.8148      551.3749     599.6361     48.2613     649.0005      97.6257     64.7161     49.3644
1.8400      551.5368     599.6361     48.0994     649.1383      97.6015     64.6001     49.5021
1.8669      551.7311     599.7009     47.9699     649.3849      97.6538     64.5312     49.6839
1.8906      551.7958     599.6199     47.8241     649.3520      97.5562     64.4015     49.7320
1.9144      551.8606     599.6685     47.8080     649.5689      97.7083     64.4414     49.9003
1.9383      552.0063     599.6361     47.6299     649.6445      97.6382     64.2993     50.0083
1.9663      552.2653     599.6847     47.4194     649.7989      97.5336     64.1241     50.1142
1.9920      552.2977     599.5876     47.2899     649.7787      97.4810     64.0202     50.1911
2.0190      552.4110     599.6038     47.1927     649.9612      97.5501     63.9785     50.3574
2.0441      552.5729     599.6361     47.0632     650.1307      97.5578     63.8947     50.4945
2.0697      552.7348     599.6199     46.8851     650.2663      97.5315     63.7673     50.6464
2.0940      552.7834     599.6199     46.8366     650.4037      97.6203     63.7645     50.7838
2.1228      552.8805     599.6199     46.7394     650.4488      97.5682     63.6824     50.8288
2.1483      552.9777     599.6361     46.6585     650.6166      97.6389     63.6520     50.9804
2.1747      553.0910     599.6847     46.5937     650.7863      97.6953     63.6276     51.1016
2.1986      553.1881     599.6199     46.4318     650.8439      97.6557     63.5065     51.2239
2.2217      553.3176     599.6523     46.3347     650.9540      97.6364     63.4353     51.3017
2.2487      553.3662     599.5876     46.2213     650.9500      97.5837     63.3421     51.3624
2.2726      553.4634     599.6199     46.1566     651.2093      97.7459     63.3530     51.5894
2.2998      553.6414     599.6685     46.0271     651.3633      97.7218     63.2587     51.6947
2.3281      553.7224     599.6685     45.9461     651.4530      97.7306     63.2076     51.7845
2.3545      553.8357     599.6199     45.7842     651.4951      97.6594     63.0760     51.8752
2.3827      553.9329     599.6199     45.6871     651.6147      97.6819     63.0187     51.9948
2.4084      554.0462     599.6685     45.6224     651.7692      97.7230     62.9892     52.1007
2.4358      554.1109     599.6038     45.4928     651.8243      97.7134     62.8997     52.2206
2.4597      554.1919     599.5714     45.3795     651.8837      97.6918     62.8169     52.3124
2.4832      554.2566     599.6199     45.3633     651.9944      97.7377     62.8214     52.3744
2.5049      554.4185     599.6685     45.2500     652.1956      97.7771     62.7590     52.5271
2.5335      554.4833     599.6361     45.1528     652.2225      97.7392     62.6816     52.5863
2.5639      554.6128     599.6199     45.0071     652.3839      97.7711     62.5951     52.7639
2.5923      554.6452     599.6038     44.9586     652.4120      97.7668     62.5613     52.8083
2.6213      554.7261     599.6038     44.8776     652.5305      97.8044     62.5199     52.9268
2.6513      554.8557     599.5876     44.7319     652.6024      97.7468     62.4035     53.0149
2.6770      554.9204     599.5876     44.6671     652.6928      97.7723     62.3689     53.1052
2.7038      554.9690     599.5876     44.6186     652.7974      97.8284     62.3552     53.2098
2.7273      555.0338     599.5876     44.5538     652.8292      97.7955     62.3010     53.2417
2.7510      555.2118     599.5390     44.3271     652.9315      97.7197     62.1247     53.3926
2.7758      555.2604     599.6199     44.3595     653.0883      97.8279     62.1823     53.4683
2.8017      555.3252     599.6199     44.2948     653.2527      97.9275     62.1724     53.6327
2.8343      555.3414     599.6038     44.2624     653.3078      97.9664     62.1637     53.7040
2.8625      555.4547     599.6038     44.1491     653.3815      97.9268     62.0750     53.7777
2.8929      555.5033     599.6038     44.1005     653.4837      97.9804     62.0605     53.8799
2.9201      555.5842     599.5552     43.9710     653.4944      97.9102     61.9507     53.9392
2.9428      555.6166     599.6199     44.0034     653.7101      98.0935     62.0334     54.0901
2.9639      555.6975     599.5876     43.8900     653.7254      98.0278     61.9360     54.1378
2.9858      555.7947     599.5552     43.7605     653.7551      97.9604     61.8271     54.1999
3.0123      555.8594     599.5552     43.6957     653.8740      98.0145     61.8020     54.3188
3.0430      555.9889     599.5876     43.5986     654.0229      98.0339     61.7437     54.4353
3.0746      556.0051     599.5876     43.5824     654.1090      98.1039     61.7563     54.5215
3.1038      556.0861     599.6361     43.5501     654.2748      98.1887     61.7629     54.6387
3.1342      556.0375     599.6038     43.5662     654.3736      98.3361     61.8229     54.7699
3.1618      556.1994     599.6038     43.4043     654.4026      98.2031     61.6706     54.7988
3.1946      556.1670     599.6038     43.4367     654.4878      98.3207     61.7314     54.8840
3.2256      556.3127     599.6847     43.3720     654.5660      98.2532     61.6657     54.8813
3.2524      556.3775     599.6199     43.2425     654.6342      98.2567     61.5805     55.0143
3.2795      556.4261     599.5390     43.1129     654.6267      98.2006     61.4755     55.0877
3.3069      556.4584     599.6199     43.1615     654.8106      98.3521     61.5584     55.1906
3.3310      556.6203     599.5876     42.9672     654.8977      98.2774     61.4039     55.3101
3.3562      556.6365     599.6199     42.9834     655.0637      98.4272     61.4647     55.4438
3.3846      556.6689     599.5876     42.9186     655.0447      98.3758     61.4043     55.4571
3.4099      556.7660     599.6523     42.8863     655.1985      98.4324     61.4017     55.5461
3.4383      556.7499     599.6199     42.8701     655.2385      98.4887     61.4096     55.6186
3.4721      556.7660     599.6361     42.8701     655.3091      98.5431     61.4278     55.6730
3.5003      556.8470     599.5714     42.7244     655.3316      98.4846     61.3111     55.7602
3.5254      556.8794     599.5876     42.7082     655.3480      98.4687     61.2950     55.7605
3.5546      556.9927     599.6038     42.6110     655.5690      98.5763     61.2661     55.9652
3.5859      557.0251     599.5714     42.5463     655.5923      98.5672     61.2199     56.0209
3.6142      557.1060     599.5552     42.4491     655.6187      98.5126     61.1370     56.0635
3.6384      557.1546     599.5552     42.4006     655.7080      98.5534     61.1182     56.1528
3.6692      557.1546     599.5390     42.3844     655.7476      98.5930     61.1206     56.2086
3.6976      557.2194     599.5390     42.3196     655.8343      98.6149     61.0847     56.2953
3.7288      557.1870     599.5876     42.4006     655.9236      98.7366     61.1793     56.3361
3.7570      557.3003     599.5228     42.2225     655.9603      98.6600     61.0350     56.4375
3.7835      557.2841     599.6038     42.3196     656.1289      98.8447     61.1613     56.5251
3.8046      557.3813     599.6038     42.2225     656.2196      98.8384     61.0945     56.6159
3.8326      557.4460     599.5552     42.1091     656.2135      98.7675     60.9953     56.6583
3.8618      557.3974     599.5390     42.1415     656.2979      98.9005     61.0612     56.7590
3.8877      557.5270     599.5228     41.9958     656.3842      98.8572     60.9496     56.8614
3.9129      557.6241     599.5714     41.9473     656.4915      98.8674     60.9206     56.9201
3.9437      557.6079     599.5552     41.9473     656.5306      98.9227     60.9391     56.9755
3.9700      557.6403     599.6361     41.9958     656.6842      99.0439     61.0119     57.0481
3.9978      557.7051     599.5714     41.8663     656.6618      98.9567     60.8964     57.0904
4.0260      557.7374     599.6038     41.8663     656.7362      98.9988     60.9105     57.1325
4.0554      557.7536     599.5876     41.8339     656.8495      99.0959     60.9212     57.2619
4.0838      557.8022     599.5390     41.7368     656.7987      98.9965     60.8233     57.2597
4.1087      557.8993     599.5390     41.6396     656.9453      99.0460     60.7751     57.4064
4.1407      557.8993     599.5228     41.6234     656.9393      99.0400     60.7623     57.4166
4.1620      557.8831     599.5714     41.6882     657.0926      99.2095     60.8620     57.5213
4.1799      557.9479     599.5876     41.6397     657.1715      99.2236     60.8343     57.5839
4.2095      557.9641     599.6038     41.6397     657.3313      99.3672     60.8822     57.7276
4.2417      558.0127     599.6038     41.5911     657.2972      99.2846     60.8223     57.6935
4.2684      558.0288     599.6038     41.5749     657.3544      99.3256     60.8251     57.7507
4.2974      558.0936     599.5552     41.4616     657.3910      99.2974     60.7402     57.8358
4.3240      558.0936     599.6038     41.5101     657.4821      99.3885     60.8029     57.8784
4.3495      558.1260     599.5552     41.4292     657.5646      99.4386     60.7657     58.0094
4.3718      558.2393     599.5066     41.2673     657.5464      99.3071     60.6139     58.0399
4.4014      558.2231     599.6038     41.3806     657.7428      99.5197     60.7603     58.1391
4.4298      558.3041     599.5066     41.2025     657.6723      99.3682     60.5911     58.1657
4.4586      558.2555     599.5552     41.2997     657.8204      99.5649     60.7214     58.2653
4.4866      558.3688     599.5876     41.2187     657.8943      99.5255     60.6543     58.3067
4.5103      558.3041     599.6199     41.3159     658.0000      99.6959     60.7759     58.3800
4.5358      558.3526     599.6038     41.2511     658.0120      99.6594     60.7205     58.4083
4.5588      558.3688     599.5228     41.1539     657.9901      99.6213     60.6431     58.4674
4.5833      558.4498     599.5876     41.1378     658.1276      99.6778     60.6511     58.5400
4.6105      558.4983     599.5552     41.0568     658.1662      99.6679     60.5938     58.6110
4.6423      558.5469     599.6038     41.0568     658.3121      99.7652     60.6263     58.7083
4.6664      558.5631     599.5876     41.0245     658.3395      99.7764     60.6084     58.7519
4.6942      558.5793     599.6523     41.0730     658.4309      99.8516     60.6659     58.7786
4.7236      558.5793     599.5228     40.9435     658.3854      99.8061     60.5644     58.8626
4.7513      558.5631     599.6199     41.0568     658.5529      99.9898     60.7012     58.9330
4.7769      558.6602     599.6038     40.9435     658.5501      99.8899     60.5923     58.9464
4.8057      558.6764     599.5714     40.8949     658.5874      99.9110     60.5669     59.0160
4.8320      558.7574     599.6038     40.8464     658.7055      99.9481     60.5470     59.1017
4.8549      558.7412     599.5390     40.7978     658.6702      99.9290     60.5082     59.1312
4.8779      558.7736     599.5552     40.7816     658.7742     100.0006     60.5213     59.2190
4.9050      558.7736     599.5876     40.8140     658.8479     100.0743     60.5674     59.2604
4.9336      558.7736     599.6038     40.8302     658.9774     100.2038     60.6214     59.3736
4.9618      558.7898     599.5552     40.7654     658.9985     100.2088     60.5799     59.4434
4.9916      558.8383     599.4742     40.6359     658.9862     100.1479     60.4732     59.5120
5.0196      558.8060     599.5228     40.7168     659.0609     100.2550     60.5629     59.5382
5.0483      558.8383     599.5228     40.6844     659.0865     100.2482     60.5390     59.5638
5.0765      558.9031     599.4904     40.5873     659.0801     100.1770     60.4505     59.5897
5.1041      558.8707     599.5552     40.6845     659.2439     100.3731     60.5807     59.6887
5.1315      558.9517     599.4904     40.5387     659.2491     100.2974     60.4583     59.7587
5.1554      558.9678     599.5228     40.5549     659.3971     100.4293     60.5130     59.8744
5.1761      558.9517     599.4742     40.5225     659.3645     100.4129     60.4860     59.8904
5.1986      559.0488     599.5228     40.4740     659.4715     100.4227     60.4569     59.9487
5.2255      559.1297     599.5552     40.4254     659.5885     100.4587     60.4365     60.0333
5.2547      559.0164     599.5552     40.5387     659.6135     100.5971     60.5582     60.0584
5.2823      559.0650     599.5552     40.4902     659.6541     100.5891     60.5232     60.0989
5.3125      559.0488     599.5390     40.4902     659.6768     100.6280     60.5361     60.1378
5.3385      559.0650     599.5552     40.4902     659.6765     100.6115     60.5306     60.1213
5.3646      559.1297     599.5228     40.3930     659.7724     100.6427     60.4762     60.2497
5.3918      559.1297     599.5066     40.3768     659.7824     100.6527     60.4688     60.2758
5.4173      559.1783     599.5228     40.3445     659.8838     100.7054     60.4648     60.3610
5.4463      559.1459     599.5066     40.3606     659.9070     100.7611     60.4941     60.4004
5.4761      559.1945     599.4904     40.2959     659.9586     100.7641     60.4520     60.4683
5.5037      559.2593     599.5066     40.2473     660.0296     100.7703     60.4216     60.5230
5.5321      559.2107     599.4742     40.2635     660.0080     100.7973     60.4414     60.5338
5.5592      559.1783     599.5066     40.3283     660.0808     100.9025     60.5197     60.5742
5.5783      559.2107     599.4904     40.2797     660.1392     100.9285     60.4960     60.6488
5.6012      559.2431     599.4904     40.2473     660.1823     100.9392     60.4779     60.6919
5.6249      559.3078     599.5228     40.2149     660.2717     100.9639     60.4646     60.7489
5.6539      559.3240     599.4904     40.1664     660.3218     100.9978     60.4435     60.8314
5.6837      559.3240     599.5390     40.2149     660.4523     101.1283     60.5194     60.9134
5.7133      559.3240     599.5066     40.1826     660.4442     101.1201     60.4951     60.9376
5.7368      559.3078     599.5066     40.1987     660.4867     101.1789     60.5255     60.9801
5.7672      559.3240     599.5228     40.1988     660.4977     101.1737     60.5237     60.9749
5.7974      559.3078     599.5714     40.2635     660.5411     101.2333     60.5868     60.9698
5.8240      559.3888     599.4742     40.0854     660.5278     101.1390     60.4366     61.0536
5.8509      559.3564     599.5390     40.1826     660.6039     101.2475     60.5376     61.0649
5.8767      559.3564     599.5228     40.1664     660.6143     101.2579     60.5302     61.0915
5.9043      559.4535     599.4742     40.0206     660.6775     101.2240     60.4218     61.2033
5.9335      559.4050     599.5066     40.1016     660.7053     101.3004     60.5012     61.1988
5.9576      559.4050     599.4904     40.0854     660.7887     101.3837     60.5182     61.2983
5.9815      559.4212     599.4742     40.0530     660.8001     101.3789     60.4950     61.3259
6.0073      559.4859     599.5390     40.0531     660.9921     101.5062     60.5374     61.4531
6.0354      559.5021     599.5228     40.0207     660.9575     101.4553     60.4989     61.4347
6.0608      559.4535     599.4742     40.0206     660.9499     101.4963     60.5125     61.4757
6.0867      559.5021     599.5066     40.0045     660.9797     101.4775     60.4955     61.4731
6.1133      559.5021     599.4904     39.9883     661.0467     101.5446     60.5071     61.5564
6.1362      559.5021     599.5390     40.0369     661.1522     101.6501     60.5746     61.6132
6.1607      559.5669     599.4742     39.9073     661.1432     101.5763     60.4637     61.6690
6.1883      559.5345     599.4904     39.9559     661.2275     101.6930     60.5349     61.7371
6.2112      559.5345     599.4742     39.9397     661.2537     101.7192     60.5329     61.7795
6.2384      559.5183     599.5066     39.9883     661.3687     101.8504     60.6090     61.8621
6.2690      559.5992     599.4742     39.8749     661.3592     101.7600     60.5033     61.8850
6.2984      559.5507     599.4904     39.9397     661.3991     101.8484     60.5759     61.9087
6.3235      559.5669     599.5390     39.9721     661.4597     101.8929     60.6124     61.9208
6.3519      559.5992     599.5066     39.9073     661.4947     101.8954     60.5700     61.9881
6.3805      559.5507     599.5876     40.0369     661.5854     102.0347     60.7028     61.9978
6.4058      559.5831     599.4580     39.8749     661.4964     101.9133     60.5544     62.0384
6.4305      559.6640     599.5228     39.8588     661.6451     101.9811     60.5662     62.1223
6.4573      559.5831     599.4580     39.8749     661.5912     102.0082     60.5860     62.1332
6.4853      559.6154     599.5228     39.9073     661.7520     102.1366     60.6504     62.2293
6.5120      559.5992     599.4256     39.8264     661.7087     102.1094     60.5874     62.2830
6.5382      559.6802     599.4418     39.7616     661.7217     102.0415     60.5216     62.2799
6.5678      559.6478     599.5066     39.8588     661.8240     102.1762     60.6313     62.3175
6.5966      559.5669     599.3770     39.8101     661.7039     102.1370     60.5858     62.3269
6.6242      559.6154     599.4580     39.8426     661.8952     102.2798     60.6550     62.4372
6.6513      559.7126     599.4418     39.7292     661.8609     102.1483     60.5356     62.4191
6.6777      559.7450     599.5390     39.7940     662.0262     102.2812     60.6231     62.4872
6.7040      559.7773     599.5228     39.7454     662.0638     102.2865     60.5924     62.5410
6.7314      559.7935     599.5066     39.7131     662.0864     102.2929     60.5730     62.5798
6.7596      559.8097     599.5552     39.7455     662.2018     102.3921     60.6277     62.6466
6.7922      559.7773     599.5066     39.7292     662.2026     102.4253     60.6279     62.6961
6.8125      559.7773     599.4742     39.6969     662.1852     102.4078     60.6005     62.7110
6.8399      559.8259     599.5066     39.6807     662.2705     102.4446     60.6020     62.7639
6.8660      559.7773     599.4904     39.7131     662.2795     102.5021     60.6427     62.7891
6.8905      559.8583     599.5552     39.6969     662.3562     102.4980     60.6306     62.8011
6.9139      559.8583     599.5552     39.6969     662.4118     102.5535     60.6491     62.8567
6.9430      559.8259     599.5552     39.7293     662.4919     102.6660     60.7082     62.9367
6.9728      559.8259     599.5228     39.6969     662.4963     102.6704     60.6881     62.9736
7.0041      559.8583     599.5390     39.6807     662.5199     102.6616     60.6743     62.9809
7.0300      559.9069     599.4742     39.5673     662.5087     102.6019     60.5789     63.0346
7.0566      559.8745     599.5390     39.6645     662.5698     102.6953     60.6748     63.0308
7.0815      559.9716     599.4904     39.5188     662.5612     102.5896     60.5424     63.0708
7.1095      559.8583     599.5228     39.6645     662.7027     102.8444     60.7245     63.1799
7.1322      559.8745     599.5228     39.6483     662.6872     102.8127     60.7031     63.1644
7.1606      559.8907     599.5228     39.6321     662.7390     102.8484     60.7042     63.2162
7.1879      559.9554     599.5876     39.6321     662.8563     102.9008     60.7217     63.2687
7.2169      559.9069     599.4904     39.5835     662.8104     102.9035     60.6902     63.3200
7.2409      559.9230     599.4904     39.5673     662.8367     102.9136     60.6828     63.3463
7.2711      559.9230     599.5066     39.5835     662.8749     102.9518     60.7063     63.3683
7.2950      559.9230     599.5228     39.5997     662.9883     103.0653     60.7549     63.4655
7.3205      559.8907     599.5228     39.6321     662.9708     103.0802     60.7815     63.4481
7.3457      559.8907     599.4580     39.5673     662.9172     103.0266     60.7204     63.4592
7.3730      559.9230     599.5066     39.5835     663.0038     103.0808     60.7493     63.4972
7.3994      559.9230     599.5390     39.6159     663.0891     103.1660     60.7993     63.5501
7.4231      559.9392     599.5552     39.6159     663.1457     103.2065     60.8128     63.5906
7.4474      559.9392     599.5390     39.5997     663.1412     103.2019     60.8005     63.6022
7.4760      559.9554     599.4580     39.5026     663.1114     103.1560     60.7204     63.6534
7.5038      560.0202     599.5228     39.5026     663.2421     103.2219     60.7424     63.7193
7.5308      559.9716     599.5390     39.5674     663.2680     103.2964     60.8104     63.7291
7.5561      559.9716     599.4742     39.5026     663.2141     103.2425     60.7492     63.7399
7.5853      559.9878     599.5228     39.5350     663.3134     103.3256     60.7985     63.7906
7.6094      559.9878     599.5390     39.5512     663.3695     103.3817     60.8280     63.8305
7.6354      559.9716     599.5066     39.5350     663.3899     103.4183     60.8294     63.8834
7.6607      559.9554     599.4742     39.5188     663.3259     103.3705     60.8027     63.8517
7.6863      559.9554     599.5066     39.5512     663.4255     103.4700     60.8575     63.9189
7.7142      560.0202     599.5066     39.4864     663.4768     103.4566     60.8098     63.9702
7.7469      559.9392     599.5390     39.5997     663.5572     103.6180     60.9391     64.0182
7.7716      559.9554     599.4256     39.4702     663.4690     103.5136     60.8180     64.0434
7.7961      559.9554     599.4742     39.5188     663.5147     103.5593     60.8656     64.0405
7.8215      559.9716     599.4256     39.4540     663.4909     103.5193     60.8091     64.0653
7.8507      559.9878     599.4418     39.4540     663.5433     103.5555     60.8212     64.1015
7.8754      559.9878     599.4904     39.5026     663.6311     103.6433     60.8828     64.1407
7.8973      560.0040     599.4418     39.4378     663.5814     103.5774     60.8177     64.1396
7.9230      560.0526     599.4580     39.4054     663.6784     103.6258     60.8122     64.2204
7.9480      560.0202     599.4904     39.4702     663.7921     103.7719     60.9041     64.3017
7.9751      560.0202     599.4742     39.4540     663.7992     103.7790     60.8957     64.3250
8.0009      560.0364     599.4256     39.3892     663.7890     103.7526     60.8437     64.3634
8.0274      560.0364     599.4580     39.4216     663.8310     103.7946     60.8793     64.3730
8.0518      560.0202     599.3770     39.3568     663.7470     103.7269     60.8135     64.3700
8.0808      559.9392     599.4904     39.5512     663.8964     103.9572     61.0198     64.4061
8.1089      559.9878     599.4904     39.5026     663.9048     103.9171     60.9741     64.4145
8.1345      560.0202     599.4256     39.4054     663.8644     103.8442     60.8850     64.4388
8.1625      560.0364     599.4418     39.4054     663.9172     103.8809     60.8972     64.4754
8.1894      560.0687     599.5066     39.4378     664.0193     103.9506     60.9421     64.5128
8.2174      559.9554     599.4580     39.5026     663.9933     104.0378     61.0143     64.5353
8.2387      560.0687     599.4742     39.4054     664.0788     104.0101     60.9403     64.6046
8.2648      560.0849     599.4418     39.3569     664.1123     104.0274     60.9137     64.6705
8.2950      560.0202     599.4904     39.4702     664.1537     104.1335     61.0246     64.6633
8.3228      560.0687     599.4742     39.4054     664.2162     104.1475     60.9861     64.7420
8.3520      560.0687     599.5066     39.4378     664.2139     104.1452     61.0070     64.7074
8.3867      560.0687     599.4580     39.3892     664.1830     104.1142     60.9642     64.7250
8.4151      560.1011     599.4418     39.3407     664.2028     104.1017     60.9277     64.7611
8.4384      560.0202     599.4580     39.4378     664.2587     104.2385     61.0380     64.8007
8.4641      560.0526     599.5066     39.4540     664.3311     104.2785     61.0622     64.8245
8.4909      559.9878     599.4094     39.4216     664.2851     104.2973     61.0468     64.8756
8.5146      560.0849     599.4256     39.3407     664.3685     104.2836     60.9883     64.9429
8.5434      560.1173     599.4418     39.3245     664.3503     104.2330     60.9606     64.9085
8.5744      560.1173     599.4742     39.3569     664.4867     104.3694     61.0277     65.0125
8.6020      560.0849     599.4256     39.3407     664.4185     104.3336     61.0050     64.9929
8.6281      560.0364     599.4580     39.4216     664.5163     104.4799     61.1077     65.0583
8.6543      560.0687     599.4904     39.4216     664.5300     104.4613     61.1015     65.0397
8.6760      560.0849     599.5066     39.4216     664.5308     104.4459     61.0964     65.0242
8.7021      560.0687     599.4094     39.3407     664.5129     104.4441     61.0418     65.1035
8.7275      560.1335     599.4742     39.3407     664.5736     104.4401     61.0405     65.0994
8.7536      560.1335     599.5390     39.4055     664.7176     104.5841     61.1317     65.1786
8.7794      560.0687     599.4580     39.3892     664.6042     104.5355     61.1047     65.1462
8.8082      560.1173     599.5066     39.3893     664.7300     104.6127     61.1304     65.2235
8.8349      560.0202     599.4904     39.4702     664.7226     104.7024     61.2143     65.2322
8.8649      560.0526     599.4418     39.3892     664.6805     104.6279     61.1355     65.2387
8.8923      560.0364     599.4742     39.4378     664.7072     104.6709     61.1822     65.2331
8.9160      560.0687     599.4418     39.3730     664.7137     104.6449     61.1303     65.2719
8.9375      560.0687     599.4904     39.4216     664.7887     104.7200     61.1877     65.2983
8.9610      560.1011     599.4580     39.3569     664.7952     104.6941     61.1359     65.3373
8.9908      560.0526     599.4418     39.3892     664.8134     104.7609     61.1798     65.3716
9.0202      560.0849     599.4418     39.3569     664.8341     104.7492     61.1543     65.3923
9.0453      560.0849     599.5066     39.4216     664.9366     104.8516     61.2316     65.4300
9.0733      560.0849     599.5228     39.4378     664.9883     104.9034     61.2597     65.4656
9.1031      560.0364     599.4904     39.4540     664.9763     104.9399     61.2826     65.4859
9.1321      560.0687     599.4904     39.4216     664.9971     104.9284     61.2572     65.5068
9.1572      560.1011     599.4742     39.3731     665.0324     104.9313     61.2258     65.5582
9.1806      560.1173     599.4580     39.3407     665.0272     104.9099     61.1971     65.5692
9.2055      559.9878     599.4742     39.4864     664.9280     104.9402     61.3043     65.4539
9.2375      560.0040     599.4418     39.4378     664.9421     104.9381     61.2712     65.5003
9.2647      559.9716     599.4742     39.5026     664.9410     104.9694     61.3248     65.4668
9.2900      559.9554     599.4256     39.4702     664.8741     104.9187     61.2863     65.4485
9.3156      559.9069     599.4580     39.5511     664.9297     105.0229     61.3751     65.4717
9.3395      559.9069     599.4256     39.5188     664.8523     104.9454     61.3276     65.4267
9.3648      559.9392     599.4580     39.5188     664.9914     105.0521     61.3632     65.5334
9.3904      559.8907     599.4580     39.5673     665.0006     105.1100     61.4149     65.5426
9.4151      559.8907     599.4418     39.5511     664.9804     105.0898     61.3973     65.5386
9.4423      559.9069     599.4904     39.5835     665.0371     105.1303     61.4324     65.5467
9.4668      560.0202     599.4256     39.4054     664.9684     104.9483     61.2530     65.5428
9.4936      559.9392     599.4418     39.5026     665.0762     105.1369     61.3807     65.6344
9.5232      560.0040     599.4256     39.4216     665.0801     105.0761     61.3064     65.6545
9.5501      560.0526     599.4580     39.4054     665.1206     105.0681     61.2930     65.6626
9.5767      560.0364     599.4256     39.3892     665.1382     105.1018     61.2934     65.7126
9.6018      560.0202     599.4256     39.4054     665.1338     105.1136     61.3082     65.7082
9.6282      560.0364     599.4580     39.4216     665.2024     105.1660     61.3364     65.7444
9.6535      560.0202     599.4580     39.4378     665.2255     105.2053     61.3603     65.7675
9.6787      559.9878     599.4580     39.4702     665.2764     105.2886     61.4097     65.8184
9.6998      560.0040     599.4418     39.4378     665.2448     105.2408     61.3721     65.8030
9.7243      560.0364     599.4418     39.4054     665.2546     105.2182     61.3430     65.8128
9.7494      559.9716     599.4256     39.4540     665.3583     105.3867     61.4316     65.9327
9.7776      560.0040     599.3770     39.3730     665.2615     105.2575     61.3345     65.8845
9.8054      559.9878     599.4094     39.4216     665.3289     105.3411     61.3948     65.9195
9.8364      560.0040     599.3932     39.3892     665.3729     105.3689     61.3824     65.9797
9.8640      559.9392     599.4256     39.4864     665.4127     105.4735     61.4821     65.9871
9.8934      559.9878     599.4256     39.4378     665.4188     105.4310     61.4355     65.9932
9.9201      560.0040     599.4094     39.4054     665.4520     105.4480     61.4196     66.0426
9.9483      559.9554     599.4904     39.5350     665.4985     105.5431     61.5377     66.0081
9.9781      560.0202     599.4094     39.3892     665.4509     105.4307     61.4030     66.0414
10.0024     559.9878     599.4256     39.4378     665.5043     105.5165     61.4641     66.0787
10.0253     559.9716     599.3770     39.4054     665.4389     105.4673     61.4260     66.0619
10.0519     560.0040     599.3770     39.3730     665.4883     105.4843     61.4101     66.1113
10.0780     559.9878     599.4094     39.4216     665.5428     105.5550     61.4661     66.1334
10.1046     559.9716     599.4094     39.4378     665.5784     105.6068     61.4941     66.1690
10.1368     559.9716     599.3932     39.4216     665.5935     105.6219     61.4884     66.2003
10.1699     559.9554     599.4418     39.4864     665.6453     105.6899     61.5542     66.2035
10.1997     559.9230     599.4418     39.5188     665.6508     105.7278     61.5884     66.2090
10.2206     559.9392     599.4256     39.4864     665.5780     105.6388     61.5372     66.1524
10.2445     559.9069     599.3770     39.4702     665.5530     105.6462     61.5288     66.1760
10.2704     559.9554     599.4094     39.4540     665.6075     105.6521     61.5200     66.1981
10.2986     559.9392     599.4580     39.5188     665.7040     105.7648     61.6008     66.2460
10.3284     559.9878     599.4418     39.4540     665.6933     105.7055     61.5378     66.2515
10.3556     559.8907     599.3770     39.4864     665.6496     105.7590     61.5772     66.2726
10.3823     559.9878     599.4256     39.4378     665.7471     105.7593     61.5450     66.3215
10.4059     559.9878     599.4256     39.4378     665.7159     105.7281     61.5346     66.2903
10.4298     559.9392     599.4580     39.5188     665.7718     105.8326     61.6234     66.3138
10.4571     559.9554     599.3932     39.4378     665.7142     105.7588     61.5448     66.3210
10.4764     560.0202     599.4418     39.4216     665.7074     105.6872     61.5101     66.2656
10.4985     559.9230     599.3770     39.4540     665.7222     105.7992     61.5690     66.3452
10.5261     559.9716     599.3932     39.4216     665.8002     105.8286     61.5573     66.4070
10.5536     559.9069     599.4580     39.5511     665.8582     105.9514     61.6845     66.4002
10.5838     559.8907     599.4256     39.5349     665.8993     106.0086     61.6928     66.4737
10.6088     559.9554     599.4580     39.5026     665.9131     105.9577     61.6543     66.4551
10.6378     560.0040     599.4256     39.4216     665.9002     105.8963     61.5798     66.4746
10.6655     559.8421     599.4256     39.5835     665.9206     106.0785     61.7485     66.4950
10.6901     559.9392     599.4094     39.4702     665.8588     105.9196     61.6200     66.4494
10.7146     559.8583     599.4256     39.5673     665.9252     106.0669     61.7338     66.4996
10.7383     559.8583     599.4580     39.5997     665.9536     106.0953     61.7649     66.4956
10.7667     559.8907     599.3932     39.5025     665.9360     106.0453     61.6835     66.5428
10.7957     559.9069     599.4256     39.5188     665.9604     106.0536     61.6970     66.5348
10.8235     559.8421     599.4256     39.5835     665.9943     106.1522     61.7731     66.5687
10.8482     559.8745     599.4256     39.5511     666.0305     106.1560     61.7528     66.6049
10.8752     559.9069     599.3932     39.4864     666.0599     106.1530     61.7086     66.6667
10.9013     559.8745     599.4094     39.5349     666.0702     106.1957     61.7552     66.6608
10.9259     559.8745     599.3932     39.5187     666.0356     106.1611     61.7329     66.6424
10.9504     559.8259     599.4094     39.5835     666.0607     106.2348     61.8006     66.6513
10.9767     559.8745     599.4094     39.5349     666.0410     106.1665     61.7455     66.6316
11.0023     559.8907     599.3770     39.4864     666.0304     106.1397     61.7041     66.6534
11.0288     559.8259     599.3608     39.5349     666.0761     106.2502     61.7733     66.7153
11.0540     559.8583     599.4256     39.5673     666.1220     106.2637     61.7995     66.6964
11.0785     559.8745     599.3770     39.5025     666.1640     106.2895     61.7649     66.7870
11.1030     559.8097     599.3608     39.5511     666.1158     106.3061     61.8028     66.7550
11.1330     559.7935     599.4094     39.6159     666.1691     106.3755     61.8691     66.7596
11.1594     559.8745     599.3446     39.4702     666.1253     106.2508     61.7304     66.7807
11.1868     559.8583     599.4418     39.5835     666.2835     106.4252     61.8641     66.8417
11.2109     559.7773     599.3608     39.5835     666.2388     106.4615     61.8761     66.8780
11.2348     559.8097     599.3284     39.5187     666.1612     106.3515     61.7963     66.8328
11.2571     559.8421     599.3608     39.5187     666.1904     106.3483     61.7953     66.8296
11.2839     559.8259     599.3932     39.5673     666.2978     106.4719     61.8688     66.9045
11.3143     559.8097     599.4094     39.5997     666.3454     106.5356     61.9117     66.9360
11.3362     559.8421     599.4094     39.5673     666.3288     106.4867     61.8738     66.9194
11.3615     559.8421     599.3932     39.5511     666.3071     106.4650     61.8557     66.9139
11.3895     559.7773     599.3446     39.5673     666.2781     106.5008     61.8785     66.9335
11.4173     559.8583     599.3446     39.4863     666.2436     106.3853     61.7860     66.8989
11.4426     559.7450     599.4256     39.6806     666.3461     106.6011     61.9875     66.9205
11.4686     559.7450     599.4418     39.6968     666.3698     106.6248     62.0062     66.9280
11.4955     559.7773     599.3608     39.5835     666.2820     106.5047     61.8905     66.9212
11.5223     559.7773     599.3770     39.5997     666.3322     106.5548     61.9181     66.9552
11.5448     559.8259     599.3446     39.5187     666.3370     106.5111     61.8495     66.9923
11.5697     559.7935     599.3608     39.5673     666.3478     106.5543     61.8963     66.9870
11.6013     559.7611     599.3608     39.5997     666.3645     106.6033     61.9342     67.0037
11.6301     559.7450     599.3770     39.6321     666.3859     106.6410     61.9684     67.0089
11.6530     559.7611     599.3932     39.6321     666.4389     106.6777     61.9806     67.0457
11.6788     559.7773     599.3608     39.5835     666.3599     106.5826     61.9165     66.9991
11.7005     559.7126     599.3122     39.5997     666.3354     106.6229     61.9407     67.0232
11.7268     559.6964     599.3284     39.6320     666.3046     106.6082     61.9574     66.9761
11.7546     559.6964     599.3770     39.6806     666.3997     106.7033     62.0215     67.0227
11.7806     559.7611     599.4418     39.6807     666.4718     106.7106     62.0240     67.0300
11.8097     559.7450     599.4094     39.6645     666.4577     106.7128     62.0139     67.0483
11.8432     559.7126     599.4094     39.6968     666.4998     106.7873     62.0603     67.0904
11.8734     559.7126     599.3932     39.6806     666.5011     106.7886     62.0499     67.1079
11.9010     559.7450     599.3770     39.6321     666.3965     106.6515     61.9719     67.0195
11.9273     559.6964     599.3446     39.6482     666.3710     106.6746     61.9904     67.0264
11.9523     559.7450     599.3932     39.6483     666.4276     106.6826     61.9931     67.0344
11.9760     559.7450     599.4256     39.6806     666.4824     106.7374     62.0329     67.0568
11.9987     559.6316     599.3446     39.7130     666.3706     106.7390     62.0550     67.0260
12.0277     559.6964     599.3284     39.6320     666.3728     106.6764     61.9802     67.0444
12.0585     559.6964     599.3932     39.6968     666.4410     106.7446     62.0461     67.0478
12.0840     559.6802     599.3932     39.7130     666.4619     106.7818     62.0693     67.0687
12.1102     559.6964     599.3122     39.6158     666.3610     106.6646     61.9654     67.0488
12.1400     559.6802     599.3446     39.6644     666.3572     106.6770     62.0020     67.0126
12.1686     559.6316     599.3608     39.7292     666.3920     106.7603     62.0729     67.0312
12.1935     559.5831     599.3446     39.7616     666.3837     106.8006     62.1079     67.0390
12.2160     559.5992     599.3446     39.7454     666.3665     106.7672     62.0860     67.0218
12.2454     559.5669     599.3284     39.7616     666.2472     106.6803     62.0678     66.9187
12.2685     559.5669     599.3446     39.7778     666.2323     106.6654     62.0737     66.8877
12.2914     559.5831     599.3770     39.7940     666.2741     106.6910     62.0930     66.8971
12.3184     559.4535     599.3284     39.8749     665.9766     106.5231     62.0910     66.6482
12.3454     559.4374     599.3284     39.8911     665.9696     106.5322     62.1048     66.6411
12.3750     559.3726     599.3284     39.9558     665.7054     106.3329     62.0815     66.3770
12.4021     559.4050     599.3446     39.9397     665.6742     106.2693     62.0495     66.3296
12.4329     559.5021     599.3446     39.8425     665.6375     106.1354     61.9401     66.2929
12.4583     559.5831     599.3446     39.7616     665.6719     106.0889     61.8707     66.3273
12.4832     559.5831     599.3122     39.7292     665.6609     106.0778     61.8454     66.3486
12.5084     559.6478     599.3122     39.6644     665.6418     105.9940     61.7743     66.3296
12.5355     559.5992     599.2798     39.6806     665.6424     106.0432     61.8015     66.3626
12.5598     559.7126     599.2798     39.5673     665.6641     105.9516     61.6954     66.3843
12.5905     559.6802     599.2475     39.5673     665.6353     105.9551     61.6965     66.3878
12.6201     559.6640     599.3284     39.6644     665.7072     106.0432     61.7907     66.3787
12.6452     559.6640     599.2636     39.5996     665.6634     105.9994     61.7329     66.3998
12.6687     559.6640     599.3446     39.6806     665.7132     106.0492     61.8035     66.3685
12.6957     559.6802     599.2960     39.6158     665.6976     106.0174     61.7497     66.4015
12.7204     559.6964     599.3284     39.6320     665.7112     106.0148     61.7596     66.3827
12.7433     559.6640     599.3446     39.6806     665.6966     106.0326     61.7979     66.3519
12.7711     559.6640     599.2960     39.6320     665.6402     105.9762     61.7468     66.3442
12.7928     559.6964     599.3608     39.6644     665.7286     106.0322     61.7870     66.3678
12.8161     559.6478     599.3122     39.6644     665.7023     106.0545     61.7944     66.3901
12.8418     559.6640     599.2960     39.6320     665.6799     106.0159     61.7600     66.3838
12.8680     559.6478     599.2960     39.6482     665.7267     106.0789     61.7918     66.4306
12.8994     559.7450     599.3122     39.5673     665.7456     106.0006     61.7117     66.4334
12.9272     559.7450     599.2960     39.5511     665.7349     105.9899     61.6974     66.4389
12.9535     559.6640     599.3284     39.6644     665.7205     106.0565     61.7951     66.3921
12.9807     559.6316     599.3122     39.6806     665.6969     106.0653     61.8088     66.3847
13.0091     559.7288     599.3446     39.6159     665.7476     106.0189     61.7502     66.4030
13.0363     559.6640     599.3446     39.6806     665.7136     106.0496     61.8036     66.3690
13.0604     559.7126     599.2960     39.5835     665.7132     106.0006     61.7225     66.4171
13.0888     559.6640     599.3284     39.6644     665.7771     106.1131     61.8140     66.4487
13.1107     559.6964     599.3284     39.6320     665.7870     106.0906     61.7849     66.4586
13.1362     559.7450     599.3446     39.5997     665.7970     106.0520     61.7505     66.4524
13.1595     559.6964     599.4094     39.7130     665.8705     106.1741     61.8667     66.4611
13.1842     559.7126     599.3608     39.6482     665.7764     106.0638     61.7868     66.4156
13.2063     559.7450     599.3608     39.6159     665.7728     106.0279     61.7532     66.4120
13.2303     559.6964     599.3122     39.6158     665.7192     106.0228     61.7515     66.4070
13.2540     559.6316     599.2960     39.6644     665.6849     106.0532     61.7940     66.3888
13.2810     559.7450     599.3446     39.5997     665.7792     106.0343     61.7445     66.4346
13.3083     559.7611     599.3770     39.6159     665.8039     106.0428     61.7582     66.4269
13.3357     559.7611     599.3446     39.5835     665.7904     106.0293     61.7321     66.4458
13.3624     559.7611     599.2960     39.5349     665.7611     106.0000     61.6899     66.4651
13.3872     559.7611     599.3122     39.5511     665.7849     106.0237     61.7086     66.4726
13.4160     559.7611     599.3284     39.5673     665.7657     106.0046     61.7130     66.4373
13.4433     559.7450     599.3608     39.6159     665.7904     106.0454     61.7590     66.4295
13.4705     559.6964     599.3770     39.6806     665.8387     106.1423     61.8345     66.4617
13.4930     559.6802     599.3284     39.6482     665.7596     106.0794     61.7920     66.4312
13.5165     559.6964     599.3608     39.6644     665.7739     106.0776     61.8021     66.4131
13.5425     559.6802     599.3284     39.6482     665.7613     106.0812     61.7925     66.4329
13.5658     559.7450     599.3284     39.5835     665.8361     106.0912     61.7527     66.5077
13.5907     559.7450     599.3446     39.5997     665.8331     106.0882     61.7625     66.4885
13.6197     559.7126     599.3284     39.6159     665.8211     106.1085     61.7801     66.4927
13.6515     559.6964     599.3284     39.6320     665.7966     106.1002     61.7881     66.4682
13.6787     559.6316     599.3122     39.6806     665.7727     106.1411     61.8341     66.4605
13.7026     559.6802     599.2798     39.5996     665.6955     106.0153     61.7382     66.4156
13.7247     559.7288     599.3284     39.5997     665.7799     106.0511     61.7502     66.4515
13.7547     559.6964     599.2475     39.5511     665.7022     106.0059     61.7027     66.4548
13.7768     559.7773     599.3608     39.5835     665.8118     106.0345     61.7338     66.4510
13.8024     559.6802     599.2960     39.6158     665.7933     106.1131     61.7816     66.4973
13.8303     559.7126     599.2798     39.5673     665.7820     106.0694     61.7346     66.5021
13.8553     559.6640     599.2798     39.6158     665.8155     106.1515     61.7944     66.5357
13.8849     559.7288     599.3122     39.5835     665.8250     106.0963     61.7544     66.5128
13.9159     559.6802     599.3446     39.6644     665.8466     106.1665     61.8318     66.5020
13.9380     559.7288     599.2798     39.5511     665.8175     106.0888     61.7303     66.5377
13.9629     559.6478     599.3122     39.6644     665.8175     106.1696     61.8328     66.5052
13.9887     559.6154     599.3122     39.6968     665.8107     106.1953     61.8630     66.4985
14.0193     559.7126     599.2798     39.5673     665.7547     106.0421     61.7255     66.4748
14.0412     559.6478     599.2636     39.6158     665.7347     106.0869     61.7729     66.4711
14.0663     559.7288     599.3122     39.5835     665.8297     106.1009     61.7560     66.5175
14.0951     559.7450     599.2798     39.5349     665.8013     106.0564     61.7087     66.5215
14.1263     559.6478     599.3122     39.6644     665.8095     106.1617     61.8302     66.4973
14.1513     559.7288     599.3122     39.5835     665.8297     106.1009     61.7560     66.5175
14.1738     559.6802     599.2960     39.6158     665.7566     106.0764     61.7694     66.4606
14.1979     559.7126     599.2798     39.5673     665.7875     106.0749     61.7365     66.5076
14.2208     559.6640     599.3446     39.6806     665.8213     106.1573     61.8395     66.4767
14.2447     559.6964     599.3122     39.6158     665.7704     106.0740     61.7686     66.4582
14.2680     559.6478     599.2475     39.5996     665.7401     106.0923     61.7639     66.4926
14.2932     559.6478     599.3122     39.6644     665.7985     106.1507     61.8265     66.4863
14.3209     559.6802     599.3284     39.6482     665.8588     106.1786     61.8250     66.5304
14.3558     559.7126     599.2798     39.5673     665.7700     106.0574     61.7307     66.4902
14.3816     559.6640     599.2960     39.6320     665.8318     106.1678     61.8106     66.5357
14.4081     559.6478     599.2798     39.6320     665.8081     106.1602     61.8081     66.5282
14.4327     559.6640     599.3446     39.6806     665.8013     106.1373     61.8329     66.4567
14.4572     559.6478     599.3122     39.6644     665.7761     106.1283     61.8190     66.4639
14.4813     559.7288     599.3284     39.5997     665.7867     106.0579     61.7524     66.4582
14.5083     559.6154     599.3284     39.7130     665.7526     106.1372     61.8544     66.4242
14.5304     559.6478     599.3122     39.6644     665.7585     106.1107     61.8132     66.4463
14.5553     559.7611     599.2960     39.5349     665.8146     106.0534     61.7077     66.5185
14.5798     559.6640     599.3284     39.6644     665.8540     106.1900     61.8396     66.5256
14.6074     559.6802     599.2798     39.5996     665.7971     106.1169     61.7721     66.5172
14.6344     559.6478     599.3608     39.7130     665.8439     106.1961     61.8740     66.4831
14.6595     559.6316     599.3770     39.7454     665.8536     106.2220     61.9043     66.4766
14.6875     559.6316     599.3770     39.7454     665.8318     106.2002     61.8970     66.4548
14.7165     559.6802     599.2636     39.5835     665.7090     106.0288     61.7319     66.4453
14.7438     559.6802     599.3608     39.6806     665.8109     106.1307     61.8307     66.4501
14.7714     559.6640     599.3122     39.6482     665.7539     106.0899     61.7955     66.4417
14.7978     559.6802     599.2960     39.6158     665.7694     106.0892     61.7736     66.4733
14.8203     559.5669     599.3770     39.8101     665.8458     106.2790     61.9664     66.4688
14.8448     559.6802     599.2475     39.5673     665.7232     106.0430     61.7258     66.4758
14.8712     559.5992     599.2960     39.6968     665.7773     106.1781     61.8572     66.4813
14.8983     559.6154     599.2960     39.6806     665.7561     106.1407     61.8340     66.4601
14.9261     559.6316     599.3770     39.7454     665.8154     106.1838     61.8915     66.4384
14.9496     559.6478     599.3284     39.6806     665.7615     106.1137     61.8250     66.4330
14.9749     559.5831     599.3608     39.7778     665.7741     106.1910     61.9155     66.4132
14.9960     559.5992     599.3446     39.7454     665.7674     106.1682     61.8863     66.4228
15.0175     559.5831     599.3446     39.7616     665.7507     106.1676     61.8969     66.4060
15.0469     559.6964     599.2960     39.5997     665.7051     106.0087     61.7360     66.4091
15.0787     559.6478     599.2636     39.6158     665.7259     106.0781     61.7699     66.4623
15.1081     559.6478     599.3284     39.6806     665.7287     106.0809     61.8140     66.4002
15.1383     559.6154     599.3608     39.7454     665.7764     106.1610     61.8839     66.4156
15.1625     559.5831     599.3770     39.7940     665.7478     106.1647     61.9175     66.3707
15.1902     559.5831     599.3284     39.7454     665.6904     106.1074     61.8660     66.3620
15.2170     559.6316     599.2960     39.6644     665.6111     105.9795     61.7694     66.3151
15.2381     559.5992     599.2798     39.6806     665.5784     105.9792     61.7801     66.2986
15.2638     559.5831     599.3770     39.7940     665.6685     106.0854     61.8911     66.2914
15.2861     559.6478     599.3122     39.6644     665.6252     105.9773     61.7687     66.3129
15.3121     559.6640     599.3446     39.6806     665.6502     105.9862     61.7825     66.3056
15.3439     559.6154     599.3122     39.6968     665.6577     106.0423     61.8120     66.3455
15.3725     559.5992     599.2960     39.6968     665.6062     106.0069     61.8002     66.3101
15.4070     559.6154     599.3122     39.6968     665.6342     106.0188     61.8041     66.3220
15.4327     559.5992     599.3284     39.7292     665.6302     106.0310     61.8298     66.3018
15.4605     559.6154     599.3122     39.6968     665.5793     105.9639     61.7858     66.2671
15.4830     559.5669     599.3284     39.7616     665.5779     106.0110     61.8447     66.2495
15.5075     559.5831     599.2960     39.7130     665.5263     105.9432     61.7897     66.2302
15.5300     559.6154     599.2798     39.6644     665.4277     105.8123     61.7137     66.1479
15.5548     559.6154     599.2960     39.6806     665.5022     105.8867     61.7493     66.2061
15.5846     559.5992     599.3446     39.7454     665.5791     105.9799     61.8235     66.2345
15.6172     559.6478     599.3284     39.6806     665.5502     105.9024     61.7546     66.2218
15.6464     559.6316     599.3608     39.7292     665.5726     105.9410     61.7998     66.2118
15.6754     559.5831     599.3284     39.7454     665.5562     105.9732     61.8213     66.2278
15.7017     559.5831     599.3608     39.7778     665.5809     105.9978     61.8511     66.2200
15.7263     559.5669     599.3608     39.7940     665.5229     105.9560     61.8480     66.1620
15.7559     559.5345     599.3284     39.7939     665.4156     105.8811     61.8230     66.0872
15.7820     559.5507     599.2636     39.7130     665.3819     105.8312     61.7524     66.1183
15.8029     559.6154     599.2960     39.6806     665.4495     105.8341     61.7318     66.1535
15.8303     559.5345     599.3770     39.8425     665.4961     105.9616     61.8822     66.1191
15.8603     559.6316     599.2475     39.6158     665.3687     105.7371     61.6563     66.1213
15.8870     559.5831     599.3122     39.7292     665.3996     105.8165     61.7583     66.0874
15.9152     559.5669     599.3122     39.7454     665.4032     105.8363     61.7757     66.0910
15.9454     559.6478     599.3446     39.6968     665.3990     105.7512     61.7149     66.0544
15.9705     559.5831     599.3446     39.7616     665.3535     105.7704     61.7645     66.0089
15.9979     559.6316     599.4256     39.7940     665.4516     105.8199     61.8026     66.0260
16.0316     559.6316     599.3608     39.7292     665.3346     105.7030     61.7205     65.9738
16.0606     559.6316     599.3284     39.6968     665.2666     105.6350     61.6762     65.9382
16.0859     559.6154     599.3770     39.7616     665.3210     105.7055     61.7429     65.9440
16.1137     559.6316     599.3770     39.7454     665.2991     105.6675     61.7194     65.9221
16.1410     559.5831     599.3932     39.8102     665.3195     105.7365     61.7856     65.9263
16.1702     559.5992     599.3284     39.7292     665.2446     105.6454     61.7013     65.9162
16.1962     559.6316     599.3284     39.6968     665.2627     105.6311     61.6749     65.9343
16.2262     559.5831     599.3446     39.7616     665.2938     105.7108     61.7446     65.9492
16.2499     559.5345     599.3284     39.7939     665.1178     105.5834     61.7237     65.7894
16.2750     559.5831     599.2960     39.7130     665.1427     105.5596     61.6619     65.8466
16.2953     559.5669     599.2960     39.7292     665.1011     105.5342     61.6642     65.8050
16.3227     559.5669     599.3284     39.7616     665.1119     105.5451     61.6894     65.7835
16.3553     559.5992     599.3122     39.7130     665.0957     105.4965     61.6408     65.7835
16.3809     559.6154     599.3932     39.7778     665.0926     105.4771     61.6776     65.6993
16.4032     559.5831     599.3122     39.7292     665.0709     105.4878     61.6487     65.7587
16.4267     559.6316     599.2798     39.6482     665.0200     105.3884     61.5616     65.7402
16.4537     559.5507     599.3932     39.8425     665.1378     105.5871     61.7574     65.7445
16.4778     559.5345     599.3284     39.7939     664.9900     105.4555     61.6811     65.6616
16.5015     559.6154     599.3284     39.7130     664.9586     105.3431     61.5897     65.6302
16.5268     559.5183     599.2798     39.7615     664.9412     105.4229     61.6487     65.6614
16.5522     559.5021     599.3284     39.8263     664.9060     105.4039     61.6855     65.5775
16.5822     559.5345     599.3284     39.7939     664.8824     105.3479     61.6453     65.5540
16.6045     559.5831     599.3608     39.7778     664.9484     105.3653     61.6403     65.5875
16.6400     559.5669     599.2960     39.7292     664.8940     105.3271     61.5952     65.5979
16.6669     559.5345     599.3122     39.7777     664.8251     105.2906     61.6154     65.5129
16.6890     559.5345     599.2798     39.7454     664.7754     105.2409     61.5772     65.4955
16.7127     559.5345     599.3122     39.7777     664.7891     105.2546     61.6034     65.4769
16.7385     559.5021     599.2960     39.7939     664.7017     105.1995     61.5958     65.4056
16.7669     559.5831     599.3446     39.7616     664.7407     105.1576     61.5603     65.3961
16.7932     559.5183     599.3446     39.8263     664.7327     105.2144     61.6224     65.3881
16.8175     559.5021     599.3284     39.8263     664.6847     105.1826     61.6117     65.3563
16.8429     559.5831     599.2960     39.7130     664.6706     105.0875     61.5045     65.3746
16.8731     559.5345     599.3284     39.7939     664.6920     105.1575     61.5818     65.3635
16.9001     559.5507     599.3284     39.7778     664.6071     105.0564     61.5373     65.2787
16.9282     559.5183     599.3446     39.8263     664.6266     105.1083     61.5870     65.2820
16.9542     559.5183     599.3446     39.8263     664.5808     105.0625     61.5717     65.2362
16.9805     559.5021     599.3284     39.8263     664.5439     105.0418     61.5648     65.2155
17.0057     559.4374     599.3284     39.8911     664.4987     105.0614     61.6145     65.1703
17.0326     559.4535     599.2960     39.8425     664.4325     104.9789     61.5546     65.1364
17.0631     559.4535     599.2960     39.8425     664.4594     105.0059     61.5636     65.1634
17.0878     559.4535     599.2960     39.8425     664.3892     104.9356     61.5402     65.0931
17.1131     559.5021     599.2798     39.7777     664.3785     104.8764     61.4773     65.0986
17.1379     559.5183     599.3446     39.8263     664.3984     104.8801     61.5109     65.0538
17.1666     559.5183     599.3122     39.7939     664.3308     104.8125     61.4668     65.0185
17.1928     559.5345     599.2960     39.7616     664.3194     104.7849     61.4360     65.0234
17.2208     559.4374     599.3608     39.9235     664.3242     104.8868     61.5779     64.9634
17.2431     559.4374     599.2798     39.8425     664.1877     104.7503     61.4784     64.9078
17.2702     559.4859     599.3446     39.8587     664.2058     104.7199     61.4791     64.8612
17.2964     559.4374     599.2960     39.8587     664.1620     104.7247     61.4807     64.8660
17.3236     559.5183     599.2960     39.7777     664.0901     104.5718     61.3758     64.7940
17.3505     559.5345     599.3284     39.7939     664.1646     104.6302     61.4060     64.8362
17.3783     559.4535     599.3446     39.8911     664.1337     104.6802     61.4875     64.7891
17.4065     559.4859     599.3122     39.8263     664.0286     104.5427     61.3985     64.7164
17.4338     559.5021     599.3608     39.8587     664.0305     104.5284     61.4153     64.6697
17.4653     559.4859     599.3608     39.8749     664.0312     104.5452     61.4317     64.6703
17.4914     559.4697     599.2960     39.8263     663.9459     104.4762     61.3763     64.6498
17.5149     559.5021     599.3284     39.8263     663.9219     104.4198     61.3575     64.5935
17.5415     559.5183     599.3608     39.8425     663.9335     104.4152     61.3668     64.5727
17.5664     559.4535     599.3122     39.8587     663.8275     104.3740     61.3638     64.5153
17.5904     559.4859     599.2960     39.8101     663.8053     104.3193     61.3132     64.5092
17.6185     559.4697     599.3608     39.8911     663.8480     104.3782     61.3868     64.4872
17.6445     559.4859     599.2960     39.8101     663.7503     104.2643     61.2949     64.4542
17.6723     559.4535     599.2798     39.8263     663.7123     104.2588     61.3038     64.4325
17.7006     559.4535     599.2798     39.8263     663.6775     104.2240     61.2922     64.3977
17.7298     559.5021     599.3284     39.8263     663.6907     104.1885     61.2804     64.3622
17.7548     559.4535     599.2798     39.8263     663.6100     104.1564     61.2697     64.3301
17.7791     559.4374     599.3284     39.8911     663.6143     104.1770     61.3197     64.2859
17.8014     559.4050     599.3446     39.9397     663.6257     104.2207     61.3667     64.2811
17.8255     559.4374     599.3608     39.9235     663.5852     104.1479     61.3316     64.2244
17.8523     559.4859     599.3284     39.8425     663.5445     104.0586     61.2479     64.2161
17.8805     559.5021     599.3608     39.8587     663.5549     104.0528     61.2567     64.1941
17.9157     559.4697     599.2636     39.7939     663.4301     103.9604     61.1827     64.1665
17.9441     559.4859     599.2798     39.7939     663.4493     103.9634     61.1837     64.1694
17.9660     559.4697     599.3284     39.8587     663.4556     103.9859     61.2344     64.1272
17.9918     559.4859     599.3284     39.8425     663.4355     103.9496     61.2115     64.1071
18.0161     559.5183     599.2960     39.7777     663.3339     103.8156     61.1237     64.0378
18.0376     559.5183     599.3608     39.8425     663.3567     103.8384     61.1745     63.9959
18.0617     559.5021     599.3122     39.8101     663.2893     103.7872     61.1358     63.9771
18.0840     559.5021     599.2960     39.7939     663.2432     103.7410     61.1096     63.9471
18.1108     559.4859     599.3122     39.8263     663.2761     103.7902     61.1476     63.9639
18.1369     559.5183     599.2960     39.7777     663.1893     103.6710     61.0755     63.8933
18.1645     559.5669     599.3284     39.7616     663.2002     103.6333     61.0521     63.8718
18.1908     559.4697     599.2798     39.8101     663.0934     103.6237     61.0813     63.8136
18.2174     559.5183     599.2151     39.6968     662.9954     103.4771     60.9569     63.7803
18.2433     559.5831     599.3446     39.7616     663.1423     103.5592     61.0275     63.7977
18.2717     559.5021     599.3770     39.8749     663.0900     103.5878     61.1126     63.7129
18.2975     559.5021     599.3608     39.8587     663.0787     103.5766     61.0980     63.7179
18.3252     559.5345     599.3284     39.7939     662.9246     103.3901     60.9927     63.5961
18.3477     559.5345     599.3284     39.7939     662.8945     103.3601     60.9826     63.5661
18.3769     559.4697     599.3446     39.8749     662.9255     103.4558     61.0685     63.5809
18.4041     559.5183     599.2960     39.7777     662.8433     103.3250     60.9602     63.5472
18.4284     559.4859     599.2960     39.8101     662.7619     103.2759     60.9654     63.4658
18.4560     559.4859     599.3446     39.8587     662.8140     103.3281     61.0152     63.4693
18.4890     559.5183     599.3446     39.8263     662.7883     103.2700     60.9742     63.4436
18.5156     559.5992     599.3770     39.7778     662.7875     103.1882     60.9146     63.4105
18.5393     559.5831     599.3284     39.7454     662.6456     103.0625     60.8511     63.3171
18.5675     559.5345     599.3284     39.7939     662.6486     103.1141     60.9007     63.3202
18.5981     559.5507     599.3608     39.8101     662.6323     103.0816     60.9006     63.2714
18.6222     559.5992     599.3770     39.7778     662.6422     103.0429     60.8662     63.2652
18.6506     559.6640     599.3122     39.6482     662.5927     102.9287     60.7417     63.2805
18.6735     559.6154     599.3770     39.7616     662.5898     102.9744     60.8325     63.2128
18.6985     559.5831     599.2960     39.7130     662.4646     102.8815     60.7692     63.1685
18.7252     559.6154     599.3284     39.7130     662.4762     102.8607     60.7622     63.1477
18.7500     559.6478     599.3284     39.6806     662.4694     102.8216     60.7276     63.1410
18.7777     559.6478     599.3608     39.7130     662.4678     102.8200     60.7487     63.1070
18.8057     559.5992     599.3608     39.7616     662.3963     102.7970     60.7734     63.0355
18.8321     559.5992     599.3446     39.7454     662.3596     102.7604     60.7504     63.0150
18.8548     559.6640     599.3284     39.6644     662.3134     102.6494     60.6594     62.9849
18.8793     559.7126     599.3122     39.5997     662.3154     102.6028     60.6007     63.0032
18.9079     559.6478     599.3770     39.7292     662.3456     102.6978     60.7187     62.9686
18.9326     559.5669     599.4256     39.8587     662.3750     102.8081     60.8419     62.9494
18.9665     559.6154     599.3446     39.7292     662.2305     102.6150     60.6911     62.8858
18.9894     559.6316     599.3608     39.7292     662.2413     102.6097     60.6893     62.8805
19.0176     559.6802     599.3122     39.6320     662.1584     102.4782     60.5808     62.8462
19.0445     559.5669     599.3932     39.8263     662.2309     102.6640     60.7722     62.8377
19.0745     559.6478     599.2798     39.6320     662.0322     102.3844     60.5495     62.7524
19.0999     559.6640     599.3284     39.6644     662.0612     102.3972     60.5753     62.7327
19.1262     559.6478     599.3284     39.6806     662.0779     102.4301     60.5971     62.7495
19.1489     559.6640     599.2798     39.6158     662.0612     102.3972     60.5430     62.7814
19.1733     559.6478     599.3122     39.6644     662.0252     102.3774     60.5687     62.7130
19.2023     559.6478     599.3284     39.6806     662.0065     102.3587     60.5733     62.6781
19.2262     559.6964     599.2960     39.5997     661.9432     102.2468     60.4820     62.6472
19.2514     559.6478     599.2798     39.6320     661.9446     102.2968     60.5203     62.6647
19.2769     559.6964     599.3284     39.6320     661.8992     102.2028     60.4890     62.5708
19.3054     559.6640     599.3122     39.6482     661.8856     102.2216     60.5060     62.5734
19.3358     559.6802     599.3122     39.6320     661.8249     102.1447     60.4696     62.5127
19.3611     559.7126     599.3284     39.6159     661.8462     102.1337     60.4551     62.5178
19.3850     559.6640     599.3122     39.6482     661.8609     102.1969     60.4978     62.5487
19.4092     559.6640     599.3770     39.7130     661.8699     102.2059     60.5440     62.4929
19.4372     559.7611     599.2475     39.4863     661.7186     101.9574     60.3100     62.4711
19.4657     559.7611     599.3122     39.5511     661.7737     102.0125     60.3716     62.4614
19.4940     559.7773     599.2475     39.4701     661.7115     101.9342     60.2915     62.4641
19.5233     559.7288     599.3284     39.5997     661.7205     101.9917     60.3970     62.3920
19.5495     559.7126     599.3608     39.6482     661.7449     102.0323     60.4429     62.3841
19.5766     559.6802     599.3608     39.6806     661.6869     102.0067     60.4560     62.3261
19.6015     559.7450     599.3122     39.5673     661.6190     101.8741     60.3362     62.3068
19.6269     559.7450     599.2798     39.5349     661.6039     101.8589     60.3096     62.3241
19.6550     559.8583     599.2475     39.3892     661.5374     101.6791     60.1525     62.2900
19.6794     559.8259     599.3446     39.5187     661.6280     101.8021     60.2798     62.2834
19.7039     559.8259     599.3770     39.5511     661.6906     101.8647     60.3223     62.3136
19.7276     559.8259     599.2636     39.4377     661.5588     101.7329     60.2028     62.2951
19.7574     559.8097     599.3284     39.5187     661.5882     101.7785     60.2720     62.2598
19.7858     559.8259     599.3284     39.5025     661.5784     101.7525     60.2525     62.2500
19.8142     559.7935     599.3608     39.5673     661.5642     101.7707     60.3018     62.2034
19.8403     559.7773     599.3284     39.5511     661.5116     101.7343     60.2788     62.1832
19.8664     559.8583     599.3446     39.4863     661.4952     101.6369     60.2032     62.1506
19.8900     559.8097     599.2960     39.4863     661.4529     101.6432     60.2053     62.1569
19.9212     559.8907     599.3122     39.4216     661.4817     101.5910     60.1447     62.1695
19.9473     559.8745     599.3122     39.4378     661.4614     101.5870     60.1542     62.1492
19.9745     559.9230     599.3284     39.4054     661.4687     101.5457     60.1188     62.1403
20.0009     559.8259     599.3284     39.5025     661.4728     101.6469     60.2173     62.1443
20.0236     559.8745     599.3770     39.5025     661.4670     101.5925     60.1992     62.0900
20.0499     559.8583     599.2960     39.4378     661.3901     101.5318     60.1358     62.0940
20.0777     559.9392     599.2960     39.3568     661.3440     101.4048     60.0395     62.0480
20.1015     559.8907     599.3122     39.4216     661.3540     101.4633     60.1022     62.0417
20.1259     559.9230     599.3446     39.4216     661.3430     101.4199     60.0877     61.9983
20.1502     559.9392     599.3446     39.4054     661.3363     101.3970     60.0693     61.9916
20.1835     559.8907     599.3284     39.4378     661.3309     101.4403     60.1053     62.0025
20.2098     559.9392     599.3284     39.3892     661.3227     101.3835     60.0540     61.9943
20.2370     560.0040     599.3608     39.3568     661.3340     101.3300     60.0145     61.9731
20.2677     560.0040     599.3284     39.3244     661.2899     101.2859     59.9783     61.9615
20.2928     559.9554     599.3446     39.3892     661.2622     101.3068     60.0284     61.9176
20.3190     559.9230     599.4094     39.4864     661.2945     101.3714     60.1147     61.8850
20.3440     560.0040     599.3770     39.3730     661.2548     101.2508     59.9990     61.8778
20.3694     559.9392     599.3446     39.4054     661.2515     101.3123     60.0410     61.9069
20.3900     559.9878     599.3932     39.4054     661.2475     101.2597     60.0235     61.8543
20.4144     560.0040     599.3446     39.3406     661.1434     101.1394     59.9402     61.7987
20.4396     559.9878     599.3446     39.3568     661.1238     101.1360     59.9499     61.7792
20.4700     559.9878     599.3122     39.3244     661.1409     101.1531     59.9340     61.8287
20.5010     559.9554     599.3284     39.3730     661.1208     101.1654     59.9705     61.7924
20.5256     560.0202     599.3770     39.3568     661.1381     101.1180     59.9439     61.7611
20.5495     560.0040     599.3446     39.3406     661.0871     101.0831     59.9215     61.7425
20.5811     560.0202     599.3284     39.3083     661.0221     101.0019     59.8728     61.6937
20.6077     559.9878     599.3122     39.3244     661.0460     101.0582     59.9024     61.7338
20.6361     560.0040     599.3770     39.3730     661.0158     101.0118     59.9193     61.6387
20.6598     560.0040     599.3770     39.3730     660.9973     100.9933     59.9131     61.6203
20.6838     560.0202     599.3608     39.3406     660.9990     100.9788     59.8867     61.6381
20.7102     560.0202     599.3446     39.3244     660.9987     100.9785     59.8758     61.6540
20.7416     560.0364     599.3446     39.3083     660.9500     100.9136     59.8434     61.6054
20.7686     559.9878     599.2960     39.3082     660.8805     100.8927     59.8364     61.5844
20.7934     560.0526     599.3446     39.2921     660.8733     100.8208     59.8016     61.5287
20.8222     560.0040     599.3284     39.3244     660.8591     100.8551     59.8346     61.5306
20.8489     560.0202     599.3122     39.2921     660.8099     100.7897     59.7913     61.4977
20.8766     559.9716     599.2960     39.3244     660.7359     100.7643     59.8044     61.4398
20.9009     560.0202     599.3770     39.3568     660.8343     100.8141     59.8426     61.4573
20.9262     560.0526     599.3284     39.2759     660.7782     100.7256     59.7591     61.4498
20.9583     560.0364     599.3122     39.2759     660.7492     100.7128     59.7549     61.4370
20.9855     560.0849     599.2960     39.2111     660.6876     100.6027     59.6750     61.3916
21.0124     560.0849     599.3446     39.2597     660.7274     100.6425     59.7206     61.3828
21.0376     560.0526     599.3284     39.2759     660.6916     100.6391     59.7303     61.3632
21.0618     560.0040     599.3284     39.3244     660.6607     100.6568     59.7685     61.3323
21.0916     559.9878     599.3284     39.3406     660.6376     100.6498     59.7770     61.3092
21.1175     560.0687     599.3284     39.2597     660.5812     100.5125     59.6773     61.2528
21.1439     560.1011     599.3284     39.2273     660.5607     100.4596     59.6381     61.2323
21.1711     560.0526     599.3122     39.2597     660.5475     100.4950     59.6714     61.2353
21.1992     560.0364     599.3608     39.3245     660.5863     100.5500     59.7330     61.2255
21.2283     560.0687     599.3284     39.2597     660.4952     100.4264     59.6486     61.1667
21.2562     560.1335     599.3446     39.2111     660.5379     100.4044     59.6089     61.1933
21.2839     560.1011     599.3284     39.2273     660.4882     100.3870     59.6139     61.1597
21.3111     560.1011     599.2636     39.1625     660.3782     100.2770     59.5340     61.1145
21.3348     560.1011     599.3770     39.2759     660.4731     100.3720     59.6413     61.0961
21.3539     560.0687     599.3446     39.2759     660.3897     100.3210     59.6242     61.0451
21.3817     560.0526     599.3284     39.2759     660.3279     100.2753     59.6090     60.9994
21.4057     560.1011     599.2960     39.1949     660.2769     100.1758     59.5219     60.9809
21.4343     560.0687     599.3770     39.3083     660.3236     100.2549     59.6238     60.9466
21.4625     560.1335     599.3284     39.1949     660.2291     100.0956     59.4951     60.9007
21.4892     560.0849     599.3284     39.2435     660.2084     100.1234     59.5368     60.8799
21.5172     560.0687     599.3122     39.2435     660.1103     100.0416     59.5095     60.7981
21.5463     560.1011     599.3770     39.2759     660.1767     100.0755     59.5424     60.7996
21.5756     560.0526     599.2960     39.2435     660.0369      99.9843     59.4904     60.7409
21.6051     560.1173     599.3446     39.2273     660.0747      99.9574     59.4707     60.7300
21.6313     560.1011     599.3446     39.2435     660.0064      99.9053     59.4641     60.6618
21.6584     560.0687     599.3122     39.2435     659.8930      99.8242     59.4371     60.5808
21.6858     560.1011     599.3284     39.2273     659.8760      99.7748     59.4098     60.5475
21.7070     560.1335     599.3122     39.1787     659.8794      99.7459     59.3678     60.5672
21.7308     560.1011     599.3608     39.2597     659.8856      99.7845     59.4346     60.5248
21.7554     560.1497     599.3284     39.1787     659.7982      99.6485     59.3353     60.4698
21.7845     560.1173     599.3122     39.1949     659.8315      99.7141     59.3680     60.5192
21.8109     560.1173     599.2798     39.1625     659.6947      99.5774     59.3008     60.4149
21.8388     560.1659     599.2960     39.1302     659.7134      99.5475     59.2693     60.4173
21.8616     560.1335     599.3122     39.1787     659.6640      99.5305     59.2960     60.3518
21.8859     560.1335     599.3284     39.1949     659.6375      99.5040     59.2979     60.3091
21.9144     560.1497     599.3608     39.2111     659.6958      99.5461     59.3228     60.3349
21.9403     560.2145     599.3446     39.1302     659.5998      99.3853     59.2152     60.2552
21.9665     560.0849     599.3284     39.2435     659.5873      99.5023     59.3298     60.2588
21.9900     560.1497     599.3770     39.2273     659.6177      99.4680     59.3076     60.2407
22.0156     560.1497     599.2960     39.1463     659.5528      99.4031     59.2319     60.2568
22.0418     560.1821     599.3284     39.1464     659.5410      99.3589     59.2172     60.2126
22.0714     560.1983     599.2151     39.0168     659.4287      99.2305     59.0880     60.2137
22.0962     560.1497     599.2960     39.1463     659.4667      99.3170     59.2032     60.1706
22.1200     560.2306     599.2798     39.0492     659.4320      99.2014     59.0999     60.1522
22.1475     560.2306     599.3608     39.1302     659.4679      99.2373     59.1659     60.1071
22.1749     560.2468     599.2636     39.0168     659.3139      99.0671     59.0336     60.0503
22.2040     560.1983     599.2960     39.0978     659.3834      99.1851     59.1269     60.0873
22.2284     560.2306     599.3122     39.0816     659.3450      99.1144     59.0925     60.0328
22.2549     560.1983     599.3122     39.1140     659.3126      99.1143     59.1141     60.0004
22.2834     560.2306     599.3608     39.1302     659.3869      99.1562     59.1389     60.0260
22.3073     560.2792     599.3446     39.0654     659.3403      99.0611     59.0640     59.9957
22.3341     560.2630     599.3284     39.0654     659.3272      99.0641     59.0650     59.9987
22.3600     560.2145     599.3284     39.1140     659.3667      99.1522     59.1267     60.0382
22.3840     560.2792     599.2960     39.0168     659.2800      99.0008     59.0115     59.9840
22.4147     560.2145     599.2798     39.0654     659.2045      98.9900     59.0403     59.9246
22.4451     560.2954     599.2960     39.0006     659.1972      98.9018     58.9677     59.9011
22.4713     560.2954     599.3608     39.0654     659.2417      98.9463     59.0257     59.8809
22.4973     560.2954     599.2313     38.9359     659.1277      98.8323     58.9013     59.8964
22.5245     560.3116     599.2798     38.9682     659.1908      98.8792     58.9386     59.9110
22.5497     560.3116     599.3446     39.0330     659.2361      98.9245     58.9969     59.8915
22.5747     560.3278     599.2960     38.9683     659.1327      98.8049     58.9138     59.8366
22.6034     560.2954     599.3932     39.0978     659.2551      98.9597     59.0518     59.8619
22.6276     560.3116     599.2960     38.9844     659.1273      98.8157     58.9282     59.8313
22.6529     560.3602     599.2960     38.9359     659.1314      98.7713     58.8810     59.8354
22.6778     560.3116     599.3770     39.0654     659.2050      98.8934     59.0081     59.8280
22.7047     560.3764     599.3122     38.9359     659.0957      98.7194     58.8637     59.7835
22.7326     560.3602     599.3446     38.9845     659.1421      98.7819     58.9170     59.7975
22.7629     560.4087     599.3122     38.9035     659.1099      98.7012     58.8361     59.7977
22.7890     560.3602     599.3446     38.9845     659.1458      98.7856     58.9182     59.8011
22.8185     560.4087     599.2798     38.8711     659.0345      98.6257     58.7893     59.7546
22.8421     560.4087     599.2798     38.8711     659.0516      98.6429     58.7950     59.7718
22.8679     560.3602     599.3122     38.9521     659.1113      98.7511     58.8851     59.7990
22.8928     560.3602     599.3122     38.9521     659.0447      98.6846     58.8629     59.7325
22.9193     560.4087     599.2960     38.8873     659.0080      98.5993     58.7913     59.7120
22.9463     560.4573     599.3284     38.8711     659.0313      98.5740     58.7721     59.7029
22.9697     560.4735     599.3446     38.8711     659.0530      98.5795     58.7739     59.7083
22.9969     560.4087     599.3446     38.9359     659.0437      98.6350     58.8356     59.6991
23.0262     560.4897     599.3446     38.8549     659.0328      98.5431     58.7510     59.6882
23.0516     560.5059     599.3284     38.8226     658.9969      98.4910     58.7120     59.6685
23.0808     560.4249     599.2960     38.8711     659.0007      98.5758     58.7727     59.7047
23.1082     560.4411     599.3122     38.8711     658.9721      98.5310     58.7578     59.6599
23.1332     560.4735     599.2798     38.8064     658.9439      98.4704     58.6944     59.6640
23.1616     560.4411     599.3122     38.8711     658.8954      98.4543     58.7322     59.5832
23.1868     560.3925     599.2960     38.9035     658.8950      98.5024     58.7698     59.5989
23.2131     560.4735     599.2636     38.7902     658.8657      98.3922     58.6575     59.6020
23.2418     560.4087     599.3284     38.9197     658.8964      98.4877     58.7757     59.5680
23.2646     560.4573     599.3122     38.8549     658.9213      98.4640     58.7246     59.6090
23.2900     560.4087     599.2960     38.8873     658.8501      98.4414     58.7387     59.5541
23.3109     560.5382     599.2960     38.7578     658.8456      98.3074     58.6077     59.5496
23.3446     560.4573     599.3446     38.8873     658.8915      98.4342     58.7363     59.5469
23.3715     560.4735     599.2636     38.7902     658.7662      98.2927     58.6243     59.5025
23.3979     560.5221     599.2960     38.7740     658.7781      98.2560     58.6013     59.4821
23.4221     560.4249     599.2960     38.8711     658.7124      98.2874     58.6766     59.4163
23.4541     560.4897     599.2636     38.7740     658.7020      98.2124     58.5868     59.4384
23.4782     560.5059     599.2636     38.7578     658.6482      98.1423     58.5526     59.3845
23.4997     560.4573     599.2313     38.7740     658.5991      98.1418     58.5632     59.3678
23.5265     560.4087     599.2313     38.8225     658.6368      98.2281     58.6244     59.4056
23.5543     560.4573     599.2475     38.7902     658.6315      98.1742     58.5848     59.3840
23.5853     560.3764     599.2475     38.8711     658.5956      98.2193     58.6538     59.3482
23.6153     560.4087     599.1989     38.7901     658.5004      98.0917     58.5573     59.3015
23.6327     560.4411     599.2636     38.8225     658.5750      98.1339     58.5930     59.3114
23.6742     560.4249     599.2960     38.8711     658.5752      98.1503     58.6308     59.2792
23.6957     560.4897     599.2313     38.7416     658.4470      97.9573     58.4801     59.2157
