eps1         u           sigma3       sigma3'     sigma1       sigma1'      p           q
[%]         [kPa]        [kPa]        [kPa]       [kPa]        [kPa]        [kPa]       [kPa] 

0.0000      500.9548     599.9465     98.9918     602.0779     101.1231     99.7022      2.1313
0.0279      503.4880     599.9465     96.4586     605.4950     102.0070     98.3080      5.5484
0.0553      508.6223     599.9128     91.2905     610.9581     102.3358     94.9723     11.0453
0.0812      511.3591     599.9128     88.5537     613.4399     102.0808     93.0627     13.5271
0.1085      513.5756     599.9128     86.3371     615.3376     101.7620     91.4788     15.4248
0.1332      515.4529     599.9465     84.4936     616.9389     101.4860     90.1578     16.9923
0.1594      517.1493     599.9128     82.7635     618.2848     101.1356     88.8875     18.3721
0.1865      518.6873     599.9465     81.2593     619.5217     100.8344     87.7843     19.5751
0.2130      520.1009     599.9465     79.8456     620.6144     100.5135     86.7349     20.6679
0.2405      521.4128     599.9465     78.5338     621.5966     100.1839     85.7505     21.6501
0.2679      522.5776     599.9128     77.3352     622.4457      99.8682     84.8462     22.5330
0.2962      523.6746     599.9128     76.2382     623.2402      99.5656     84.0140     23.3274
0.3231      524.6924     599.8790     75.1866     623.9239      99.2316     83.2016     24.0450
0.3503      525.6197     599.9128     74.2931     624.5871      98.9674     82.5178     24.6744
0.3774      526.5018     599.9128     73.4110     625.1942      98.6924     81.8381     25.2815
0.4031      527.3047     599.8790     72.5742     625.6909      98.3861     81.1782     25.8119
0.4321      528.0964     599.8790     71.7826     626.2750      98.1786     80.5813     26.3960
0.4594      528.8654     599.8790     71.0136     626.7715      97.9061     79.9778     26.8926
0.4877      529.6005     599.8452     70.2447     627.2776      97.6771     79.3888     27.4324
0.5157      530.3242     599.8452     69.5209     627.7405      97.4163     78.8194     27.8954
0.5436      531.0480     599.8790     68.8309     628.2589      97.2109     78.2909     28.3800
0.5717      531.6474     599.8790     68.2316     628.6338      96.9864     77.8165     28.7548
0.6001      532.2355     599.8790     67.6435     629.0740      96.8386     77.3752     29.1951
0.6274      532.8348     599.9128     67.0779     629.4934      96.6586     76.9381     29.5807
0.6523      533.3890     599.9128     66.5238     629.8795      96.4905     76.5127     29.9668
0.6792      533.9544     599.8790     65.9245     630.1982      96.2438     76.0310     30.3193
0.7060      534.4407     599.9128     65.4720     630.6172      96.1765     75.7068     30.7044
0.7343      535.0175     599.9128     64.8953     631.0453      96.0278     75.2728     31.1325
0.7630      535.5490     599.9128     64.3638     631.4294      95.8804     74.8693     31.5166
0.7912      536.0918     599.9128     63.8209     631.8134      95.7216     74.4545     31.9007
0.8193      536.5555     599.9128     63.3573     632.1972      95.6417     74.1187     32.2845
0.8476      537.0418     599.9128     62.8710     632.5698      95.5280     73.7567     32.6571
0.8762      537.5507     599.9128     62.3621     632.9640      95.4133     73.3791     33.0512
0.9025      537.9917     599.9128     61.9210     633.3477      95.3560     73.0660     33.4350
0.9276      538.4441     599.8452     61.4011     633.6532      95.2091     72.6704     33.8080
0.9546      538.9530     599.8790     60.9260     634.0919      95.1389     72.3303     34.2130
0.9821      539.4054     599.8790     60.4736     634.4746      95.0693     72.0055     34.5957
1.0092      539.8804     599.8790     59.9986     634.8682      94.9878     71.6617     34.9892
1.0363      540.3666     599.8790     59.5123     635.3050      94.9384     71.3210     35.4260
1.0631      540.8303     599.8790     59.0487     635.6764      94.8461     70.9812     35.7975
1.0908      541.2487     599.8452     58.5964     636.0462      94.7974     70.6634     36.2010
1.1185      541.6559     599.8790     58.2231     636.3853      94.7295     70.3919     36.5064
1.1459      542.0517     599.8790     57.8273     636.7559      94.7043     70.1196     36.8770
1.1730      542.4136     599.8790     57.4654     637.0177      94.6041     69.8450     37.1387
1.1987      542.7641     599.8452     57.0810     637.3329      94.5688     69.5769     37.4878
1.2256      543.1260     599.8452     56.7191     637.6705      94.5445     69.3276     37.8253
1.2552      543.5105     599.8452     56.3346     637.8874      94.3768     69.0154     38.0422
1.2831      543.8498     599.8790     56.0292     638.3014      94.4516     68.8366     38.4224
1.3107      544.2230     599.8790     55.6560     638.5622      94.3392     68.5504     38.6832
1.3412      544.5510     599.8452     55.2942     638.7986      94.2477     68.2787     38.9535
1.3679      544.8111     599.8452     55.0341     638.9943      94.1832     68.0838     39.1491
1.3967      545.1277     599.8452     54.7174     639.2758      94.1481     67.8610     39.4306
1.4226      545.4105     599.8452     54.4347     639.4824      94.0719     67.6471     39.6372
1.4487      545.6706     599.8452     54.1746     639.6887      94.0182     67.4558     39.8436
1.4744      545.9420     599.8452     53.9032     639.9277      93.9857     67.2640     40.0825
1.5026      546.2247     599.8114     53.5867     640.1317      93.9070     67.0268     40.3203
1.5313      546.4622     599.8114     53.3492     640.3691      93.9069     66.8684     40.5577
1.5584      546.6997     599.8452     53.1455     640.6084      93.9087     66.7332     40.7632
1.5866      546.9824     599.8790     52.8966     640.8687      93.8863     66.5598     40.9898
1.6143      547.2312     599.8114     52.5802     640.9736      93.7424     66.3009     41.1623
1.6430      547.4348     599.8114     52.3766     641.1672      93.7325     66.1619     41.3558
1.6684      547.6609     599.8114     52.1504     641.3297      93.6687     65.9899     41.5183
1.6947      547.8645     599.8114     51.9469     641.5241      93.6596     65.8511     41.7127
1.7222      548.0681     599.8114     51.7433     641.7179      93.6498     65.7121     41.9065
1.7489      548.2603     599.7776     51.5173     641.8781      93.6178     65.5508     42.1005
1.7781      548.4865     599.7776     51.2911     642.0277      93.5412     65.3745     42.2501
1.8042      548.6674     599.7776     51.1101     642.2001      93.5327     65.2510     42.4225
1.8309      548.8823     599.7776     50.8953     642.3722      93.4899     65.0935     42.5946
1.8587      549.0520     599.8114     50.7594     642.5667      93.5148     65.0112     42.7554
1.8864      549.2894     599.8114     50.5219     642.7922      93.5027     64.8489     42.9808
1.9143      549.5156     599.8114     50.2958     642.9310      93.4154     64.6690     43.1196
1.9415      549.9680     599.8114     49.8434     643.0270      93.0590     64.2486     43.2156
1.9680      550.1942     599.8114     49.6172     643.2094      93.0153     64.0832     43.3981
1.9951      550.2959     599.7776     49.4816     643.3038      93.0079     63.9904     43.5262
2.0237      550.3751     599.7776     49.4025     643.4636      93.0885     63.9645     43.6861
2.0520      550.4656     599.8114     49.3458     643.6141      93.1486     63.9467     43.8027
2.0793      550.5900     599.8114     49.2214     643.8174      93.2274     63.8901     44.0060
2.1075      550.7370     599.8114     49.0744     643.9232      93.1862     63.7783     44.1118
2.1354      550.8953     599.7776     48.8823     644.0707      93.1754     63.6466     44.2931
2.1631      551.0536     599.7438     48.6902     644.1535      93.0999     63.4934     44.4097
2.1915      551.2120     599.8114     48.5994     644.3158      93.1039     63.4342     44.5045
2.2168      551.3138     599.7776     48.4638     644.4319      93.1182     63.3486     44.6543
2.2425      551.4608     599.7776     48.3168     644.5062      93.0455     63.2264     44.7286
2.2692      551.6078     599.7438     48.1360     644.6215      93.0137     63.0952     44.8777
2.2945      551.7774     599.7776     48.0002     644.8049      93.0275     63.0093     45.0273
2.3237      551.9357     599.7776     47.8418     644.9634      93.0277     62.9038     45.1859
2.3512      552.0488     599.7776     47.7288     645.0689      93.0201     62.8259     45.2913
2.3796      552.1959     599.7776     47.5817     645.2061      93.0103     62.7246     45.4285
2.4065      552.3089     599.7776     47.4686     645.3117      93.0028     62.6467     45.5341
2.4342      552.4333     599.8114     47.3780     645.4077      92.9744     62.5768     45.5963
2.4613      552.5690     599.7776     47.2085     645.4793      92.9103     62.4424     45.7017
2.4887      552.6821     599.7776     47.0954     645.6489      92.9668     62.3859     45.8713
2.5148      552.8065     599.7438     46.9373     645.7101      92.9035     62.2593     45.9663
2.5417      552.9309     599.7776     46.8467     645.8598      92.9289     62.2074     46.0823
2.5691      553.0666     599.7438     46.6772     645.9418      92.8751     62.0765     46.1980
2.5978      553.1797     599.7100     46.5303     645.9694      92.7896     61.9501     46.2594
2.6245      553.3041     599.7438     46.4397     646.1619      92.8578     61.9124     46.4181
2.6527      553.3946     599.7438     46.3492     646.2770      92.8824     61.8603     46.5332
2.6794      553.6321     599.7100     46.0779     646.2947      92.6626     61.6061     46.5847
2.7079      553.7339     599.7438     46.0099     646.4112      92.6773     61.5657     46.6674
2.7344      553.7904     599.6762     45.8858     646.4486      92.6582     61.4766     46.7724
2.7616      553.8922     599.7100     45.8178     646.6191      92.7269     61.4542     46.9091
2.7905      553.9940     599.7100     45.7160     646.7121      92.7181     61.3834     47.0021
2.8189      554.0958     599.7100     45.6142     646.8054      92.7096     61.3127     47.0953
2.8460      554.1636     599.7100     45.5464     646.9205      92.7569     61.2832     47.2105
2.8733      554.2767     599.7438     45.4671     647.1013      92.8246     61.2529     47.3575
2.9035      554.3446     599.7100     45.3654     647.0955      92.7510     61.1606     47.3855
2.9322      554.4803     599.7100     45.2297     647.2631      92.7828     61.0808     47.5531
2.9599      554.5594     599.7100     45.1506     647.3029      92.7434     61.0149     47.5929
2.9869      554.6386     599.6762     45.0376     647.3840      92.7454     60.9402     47.7078
3.0126      554.7178     599.7100     44.9922     647.4905      92.7727     60.9191     47.7805
3.0385      554.7969     599.7100     44.9131     647.5311      92.7341     60.8534     47.8211
3.0654      554.8987     599.7100     44.8113     647.6778      92.7791     60.8006     47.9678
3.0924      555.0005     599.6762     44.6757     647.7586      92.7581     60.7032     48.0824
3.1195      555.0683     599.6762     44.6079     647.8837      92.8154     60.6770     48.2075
3.1480      555.1814     599.7100     44.5286     647.9779      92.7965     60.6179     48.2679
3.1774      555.2493     599.6762     44.4269     648.0467      92.7974     60.5504     48.3705
3.2055      555.3284     599.6424     44.3140     648.0947      92.7662     60.4647     48.4523
3.2314      555.3963     599.6762     44.2799     648.1687      92.7724     60.4441     48.4925
3.2565      555.4981     599.6424     44.1443     648.2820      92.7839     60.3575     48.6396
3.2843      555.5207     599.6762     44.1555     648.3764      92.8557     60.3889     48.7001
3.3120      555.6225     599.6762     44.0537     648.4581      92.8357     60.3144     48.7819
3.3387      555.6790     599.6424     43.9634     648.5066      92.8276     60.2515     48.8642
3.3657      555.7582     599.6762     43.9180     648.6331      92.8749     60.2370     48.9569
3.3932      555.8147     599.6762     43.8615     648.7361      92.9213     60.2148     49.0599
3.4223      555.9165     599.6424     43.7259     648.8150      92.8985     60.1168     49.1726
3.4517      555.9957     599.6424     43.6467     648.8850      92.8894     60.0610     49.2426
3.4790      556.0296     599.6424     43.6128     648.9985      92.9689     60.0649     49.3561
3.5063      556.0975     599.6762     43.5788     649.0714      92.9740     60.0438     49.3952
3.5329      556.1879     599.6762     43.4883     649.1003      92.9124     59.9630     49.4241
3.5596      556.2332     599.6424     43.4093     649.1377      92.9046     59.9077     49.4953
3.5847      556.2558     599.6424     43.3866     649.2840      93.0282     59.9338     49.6415
3.6130      556.3689     599.6424     43.2735     649.3648      92.9960     59.8477     49.7224
3.6416      556.4254     599.6424     43.2170     649.4561      93.0307     59.8216     49.8137
3.6695      556.4593     599.6424     43.1831     649.5583      93.0989     59.8217     49.9159
3.6984      556.5498     599.6424     43.0926     649.6281      93.0782     59.7545     49.9856
3.7256      556.5951     599.6424     43.0474     649.7517      93.1566     59.7505     50.1093
3.7525      556.6516     599.6424     42.9908     649.7694      93.1178     59.6998     50.1270
3.7792      556.6742     599.6424     42.9682     649.8508      93.1766     59.7043     50.2084
3.8056      556.7081     599.6424     42.9343     649.9111      93.2030     59.6905     50.2687
3.8319      556.8099     599.6086     42.7987     649.9377      93.1277     59.5751     50.3290
3.8584      556.8891     599.6424     42.7533     650.0951      93.2060     59.5709     50.4527
3.8886      556.9343     599.6424     42.7081     650.1639      93.2296     59.5486     50.5215
3.9173      556.9909     599.6086     42.6178     650.2841      93.2933     59.5096     50.6755
3.9460      556.9909     599.6424     42.6516     650.3662      93.3753     59.5595     50.7238
3.9752      557.0700     599.6424     42.5724     650.4459      93.3759     59.5069     50.8035
4.0027      557.0926     599.6424     42.5498     650.5053      93.4126     59.5040     50.8628
4.0310      557.1492     599.6424     42.4932     650.5642      93.4150     59.4671     50.9217
4.0586      557.1944     599.6086     42.4142     650.6002      93.4058     59.4114     50.9916
4.0859      557.2510     599.5748     42.3239     650.5624      93.3115     59.3197     50.9876
4.1126      557.3075     599.6086     42.3011     650.7192      93.4117     59.3380     51.1106
4.1404      557.3528     599.6086     42.2559     650.7571      93.4044     59.3054     51.1485
4.1687      557.3754     599.6086     42.2333     650.9002      93.5248     59.3304     51.2916
4.1966      557.4432     599.6086     42.1654     650.9485      93.5053     59.2787     51.3399
4.2250      557.4772     599.6086     42.1315     650.9860      93.5088     59.2573     51.3774
4.2525      557.5224     599.6086     42.0862     651.0450      93.5226     59.2317     51.4363
4.2814      557.5563     599.6086     42.0523     651.1453      93.5889     59.2312     51.5366
4.3090      557.5902     599.5748     41.9846     651.1388      93.5485     59.1726     51.5639
4.3363      557.6242     599.5748     41.9507     651.2082      93.5841     59.1618     51.6334
4.3624      557.6355     599.5748     41.9394     651.3204      93.6849     59.1879     51.7456
4.3895      557.7033     599.5748     41.8715     651.3478      93.6445     59.1292     51.7730
4.4173      557.7599     599.5410     41.7812     651.4462      93.6864     59.0829     51.9052
4.4454      557.8164     599.5410     41.7246     651.5151      93.6987     59.0493     51.9740
4.4741      557.8504     599.5410     41.6907     651.6046      93.7542     59.0452     52.0635
4.5031      557.8956     599.5748     41.6792     651.6436      93.7480     59.0355     52.0688
4.5318      557.9182     599.5410     41.6228     651.7097      93.7915     59.0124     52.1686
4.5582      557.9521     599.5410     41.5889     651.7058      93.7537     58.9772     52.1648
4.5857      557.9748     599.5748     41.6001     651.8400      93.8653     59.0218     52.2652
4.6132      557.9974     599.5748     41.5775     651.8984      93.9010     59.0187     52.3236
4.6399      558.0426     599.5748     41.5322     651.9047      93.8621     58.9755     52.3299
4.6673      558.0878     599.5410     41.4532     652.0238      93.9359     58.9474     52.4827
4.6952      558.0992     599.5410     41.4419     652.0399      93.9407     58.9415     52.4988
4.7247      558.1670     599.5748     41.4078     652.1412      93.9742     58.9300     52.5664
4.7545      558.1783     599.5410     41.3627     652.1854      94.0070     58.9108     52.6443
4.7812      558.2122     599.5748     41.3626     652.2987      94.0864     58.9372     52.7238
4.8079      558.2122     599.5410     41.3288     652.2920      94.0797     58.9124     52.7509
4.8365      558.2349     599.5748     41.3400     652.3832      94.1484     58.9428     52.8084
4.8642      558.3027     599.5748     41.2721     652.4725      94.1698     58.9047     52.8977
4.8905      558.3366     599.5073     41.1706     652.4322      94.0955     58.8123     52.9249
4.9179      558.3932     599.5073     41.1141     652.4902      94.0970     58.7750     52.9829
4.9444      558.4497     599.5748     41.1251     652.6580      94.2083     58.8195     53.0832
4.9727      558.4837     599.5073     41.0236     652.6060      94.1223     58.7232     53.0988
5.0007      558.4950     599.5073     41.0123     652.6740      94.1791     58.7345     53.1668
5.0302      558.5515     599.5410     40.9895     652.8167      94.2652     58.7481     53.2756
5.0573      558.5854     599.5410     40.9556     652.8537      94.2682     58.7265     53.3126
5.0857      558.5967     599.5410     40.9443     652.9004      94.3037     58.7308     53.3594
5.1130      558.6081     599.5410     40.9330     652.9477      94.3397     58.7352     53.4067
5.1405      558.6420     599.5410     40.8991     652.9740      94.3320     58.7100     53.4329
5.1663      558.6759     599.5073     40.8313     652.9361      94.2602     58.6410     53.4289
5.1928      558.6759     599.5073     40.8313     652.9629      94.2870     58.6499     53.4556
5.2203      558.7438     599.4735     40.7297     653.0387      94.2950     58.5848     53.5653
5.2486      558.7438     599.4735     40.7297     653.0644      94.3206     58.5933     53.5910
5.2774      558.7664     599.5073     40.7409     653.1862      94.4198     58.6338     53.6789
5.3049      558.7890     599.4735     40.6845     653.1889      94.3999     58.5896     53.7154
5.3316      558.8003     599.5073     40.7069     653.2804      94.4801     58.6313     53.7732
5.3606      558.8455     599.5073     40.6617     653.2744      94.4289     58.5841     53.7671
5.3879      558.8795     599.4735     40.5940     653.2875      94.4081     58.5320     53.8141
5.4140      558.8342     599.5073     40.6730     653.3793      94.5451     58.6304     53.8721
5.4402      558.9021     599.4735     40.5714     653.3619      94.4598     58.5342     53.8884
5.4653      558.9586     599.5073     40.5486     653.4854      94.5267     58.5413     53.9781
5.4942      558.9813     599.4735     40.4922     653.5078      94.5266     58.5037     54.0344
5.5230      559.0039     599.5073     40.5034     653.6395      94.6357     58.5475     54.1323
5.5501      559.0152     599.4735     40.4583     653.6422      94.6270     58.5145     54.1687
5.5770      559.0604     599.4735     40.4130     653.7202      94.6598     58.4953     54.2468
5.6057      559.0491     599.4735     40.4244     653.7141      94.6650     58.5046     54.2406
5.6337      559.1057     599.5073     40.4016     653.8045      94.6989     58.5007     54.2973
5.6596      559.1057     599.4397     40.3340     653.7324      94.6268     58.4316     54.2927
5.6857      559.1057     599.4735     40.3678     653.8134      94.7078     58.4811     54.3400
5.7113      559.1396     599.5073     40.3677     653.8948      94.7552     58.4968     54.3875
5.7388      559.1396     599.4397     40.3001     653.8632      94.7236     58.4413     54.4235
5.7663      559.2074     599.5073     40.2998     654.0496      94.8422     58.4806     54.5424
5.7944      559.2187     599.4735     40.2547     653.9892      94.7704     58.4266     54.5157
5.8236      559.1848     599.4735     40.2886     653.9412      94.7564     58.4446     54.4678
5.8523      559.1961     599.4735     40.2773     653.9868      94.7906     58.4484     54.5133
5.8807      559.2301     599.4735     40.2434     654.0325      94.8025     58.4298     54.5590
5.9068      559.2414     599.4735     40.2321     654.0484      94.8071     58.4238     54.5750
5.9343      559.2979     599.4735     40.1756     654.0635      94.7656     58.3722     54.5900
5.9598      559.3092     599.4735     40.1642     654.1522      94.8429     58.3905     54.6787
5.9866      559.3205     599.4397     40.1191     654.1752      94.8547     58.3643     54.7356
6.0137      559.3544     599.4397     40.0852     654.1905      94.8360     58.3355     54.7508
6.0426      559.3771     599.4397     40.0626     654.2977      94.9206     58.3486     54.8580
6.0700      559.4110     599.4735     40.0625     654.3982      94.9872     58.3707     54.9247
6.0947      559.4336     599.4059     39.9723     654.3885      94.9549     58.2998     54.9826
6.1236      559.4223     599.4059     39.9836     654.3509      94.9286     58.2986     54.9450
6.1512      559.4336     599.4397     40.0061     654.4202      94.9866     58.3329     54.9805
6.1779      559.4675     599.4397     39.9721     654.4871      95.0196     58.3213     55.0474
6.2042      559.4788     599.4059     39.9270     654.4998      95.0209     58.2917     55.0939
6.2293      559.4902     599.4397     39.9495     654.6117      95.1215     58.3402     55.1720
6.2569      559.5128     599.4059     39.8931     654.6236      95.1108     58.2990     55.2177
6.2854      559.5467     599.4059     39.8592     654.6996      95.1529     58.2904     55.2937
6.3125      559.5580     599.4059     39.8479     654.7660      95.2080     58.3012     55.3602
6.3401      559.5806     599.4397     39.8590     654.8454      95.2648     58.3276     55.4057
6.3684      559.6146     599.4059     39.7913     654.8566      95.2421     58.2749     55.4508
6.3957      559.6146     599.4059     39.7913     654.8920      95.2774     58.2867     55.4861
6.4239      559.6485     599.4059     39.7574     654.9474      95.2989     58.2712     55.5415
6.4488      559.6372     599.4059     39.7687     654.9531      95.3160     58.2845     55.5473
6.4741      559.6485     599.4059     39.7574     654.9690      95.3205     58.2784     55.5631
6.4992      559.6937     599.4397     39.7459     655.0804      95.3867     58.2929     55.6408
6.5255      559.6824     599.4059     39.7235     655.1030      95.4206     58.2892     55.6971
6.5531      559.6824     599.3721     39.6897     655.1350      95.4526     58.2773     55.7630
6.5812      559.7050     599.3721     39.6671     655.2313      95.5263     58.2868     55.8592
6.6091      559.7276     599.3721     39.6444     655.2352      95.5075     58.2655     55.8631
6.6377      559.7163     599.3721     39.6557     655.2386      95.5223     58.2779     55.8666
6.6644      559.6937     599.3721     39.6784     655.2843      95.5905     58.3158     55.9122
6.6919      559.7050     599.3383     39.6333     655.2956      95.5906     58.2857     55.9573
6.7175      559.7050     599.3721     39.6671     655.3551      95.6501     58.3281     55.9830
6.7436      559.7276     599.3721     39.6444     655.3600      95.6323     58.3071     55.9879
6.7689      559.7503     599.3721     39.6218     655.4268      95.6766     58.3067     56.0547
6.7962      559.7390     599.3383     39.5993     655.4689      95.7299     58.3095     56.1306
6.8232      559.7616     599.3721     39.6105     655.6095      95.8479     58.3563     56.2374
6.8503      559.7616     599.3721     39.6105     655.6341      95.8726     58.3645     56.2620
6.8774      559.7729     599.3721     39.5992     655.6177      95.8449     58.3478     56.2457
6.9045      559.7842     599.3721     39.5879     655.6628      95.8786     58.3515     56.2907
6.9321      559.7616     599.3383     39.5767     655.7353      95.9737     58.3757     56.3970
6.9580      559.8068     599.3383     39.5315     655.7503      95.9435     58.3355     56.4120
6.9841      559.7955     599.3045     39.5090     655.7006      95.9051     58.3077     56.3961
7.0109      559.7955     599.3383     39.5428     655.7591      95.9636     58.3497     56.4208
7.0375      559.8407     599.3721     39.5313     655.7870      95.9463     58.3363     56.4149
7.0643      559.8860     599.3721     39.4861     655.8525      95.9666     58.3129     56.4804
7.0926      559.8973     599.3721     39.4748     655.9580      96.0607     58.3368     56.5859
7.1215      559.9199     599.3383     39.4184     655.9373      96.0174     58.2847     56.5990
7.1492      559.8860     599.3383     39.4523     655.9408      96.0548     58.3198     56.6025
7.1762      559.9086     599.3383     39.4297     655.9856      96.0770     58.3121     56.6473
7.2038      559.9425     599.3383     39.3958     656.0403      96.0977     58.2964     56.7020
7.2309      559.9538     599.3383     39.3845     656.0543      96.1005     58.2898     56.7161
7.2557      559.9651     599.3383     39.3732     656.1310      96.1659     58.3041     56.7927
7.2821      559.9991     599.3721     39.3730     656.1589      96.1598     58.3019     56.7868
7.3094      560.0217     599.3721     39.3504     656.2441      96.2225     58.3078     56.8721
7.3379      560.0556     599.3383     39.2827     656.2642      96.2086     58.2580     56.9259
7.3653      560.0330     599.3383     39.3053     656.3085      96.2755     58.2954     56.9702
7.3945      560.0669     599.3383     39.2714     656.3721      96.3052     58.2826     57.0338
7.4241      560.0443     599.3045     39.2602     656.3608      96.3165     58.2790     57.0563
7.4508      560.0669     599.3383     39.2714     656.4494      96.3825     58.3084     57.1112
7.4767      560.0782     599.3383     39.2601     656.4334      96.3552     58.2918     57.0951
7.5047      560.0330     599.3721     39.3391     656.4907      96.4577     58.3786     57.1186
7.5318      560.0556     599.3383     39.2827     656.5012      96.4456     58.3370     57.1629
7.5580      560.0782     599.3383     39.2601     656.5867      96.5085     58.3429     57.2484
7.5853      560.1008     599.3383     39.2374     656.6816      96.5808     58.3519     57.3433
7.6153      560.1235     599.3383     39.2148     656.7138      96.5904     58.3400     57.3755
7.6450      560.1461     599.3383     39.1922     656.7970      96.6510     58.3451     57.4588
7.6728      560.1122     599.3045     39.1923     656.8069      96.6947     58.3598     57.5024
7.7019      560.1122     599.3045     39.1923     656.7888      96.6766     58.3538     57.4843
7.7283      560.1122     599.3383     39.2261     656.8162      96.7041     58.3855     57.4779
7.7550      560.1122     599.3383     39.2261     656.9316      96.8194     58.4239     57.5933
7.7806      560.1461     599.3721     39.2260     657.0103      96.8642     58.4387     57.6382
7.8102      560.1913     599.3383     39.1470     657.0188      96.8275     58.3738     57.6805
7.8381      560.2139     599.3383     39.1244     657.1129      96.8990     58.3826     57.7746
7.8674      560.2139     599.3045     39.0906     657.1115      96.8975     58.3596     57.8070
7.8954      560.2139     599.3045     39.0906     657.1446      96.9306     58.3706     57.8401
7.9238      560.2139     599.3045     39.0906     657.2078      96.9938     58.3917     57.9033
7.9553      560.1913     599.2369     39.0456     657.1609      96.9696     58.3536     57.9240
7.9837      560.1574     599.2369     39.0795     657.1633      97.0059     58.3883     57.9264
8.0100      560.1574     599.2369     39.0795     657.1770      97.0197     58.3929     57.9401
8.0374      560.1913     599.2707     39.0794     657.3049      97.1136     58.4241     58.0342
8.0646      560.1574     599.2707     39.1133     657.2979      97.1405     58.4557     58.0272
8.0911      560.2139     599.2369     39.0230     657.3687      97.1548     58.4002     58.1318
8.1187      560.2252     599.2369     39.0117     657.3714      97.1462     58.3898     58.1345
8.1461      560.1913     599.2707     39.0794     657.3778      97.1865     58.4484     58.1071
8.1736      560.2139     599.2707     39.0568     657.4412      97.2273     58.4469     58.1705
8.2032      560.2366     599.2369     39.0004     657.5604      97.3238     58.4415     58.3235
8.2323      560.1800     599.3045     39.1245     657.5893      97.4093     58.5528     58.2848
8.2606      560.2026     599.2707     39.0681     657.5880      97.3854     58.5072     58.3173
8.2885      560.1913     599.2369     39.0456     657.5667      97.3754     58.4889     58.3298
8.3161      560.2252     599.2369     39.0117     657.5996      97.3744     58.4659     58.3627
8.3433      560.2252     599.2707     39.0455     657.6766      97.4514     58.5141     58.4059
8.3717      560.2592     599.2369     38.9777     657.7356      97.4765     58.4773     58.4987
8.3997      560.2705     599.2369     38.9664     657.7782      97.5078     58.4802     58.5413
8.4278      560.2252     599.2369     39.0117     657.7805      97.5552     58.5262     58.5435
8.4567      560.2479     599.2369     38.9891     657.8425      97.5946     58.5243     58.6056
8.4851      560.2592     599.2369     38.9777     657.9049      97.6457     58.5337     58.6680
8.5127      560.2479     599.2369     38.9891     657.8872      97.6393     58.5392     58.6503
8.5408      560.2252     599.2707     39.0455     657.9231      97.6979     58.5963     58.6524
8.5693      560.2479     599.2369     38.9891     657.9415      97.6936     58.5572     58.7046
8.5950      560.2139     599.2369     39.0230     657.9652      97.7513     58.5991     58.7283
8.6226      560.2705     599.2369     38.9664     658.0380      97.7675     58.5668     58.8010
8.6514      560.2931     599.2369     38.9438     658.0596      97.7665     58.5514     58.8227
8.6786      560.2931     599.2369     38.9438     658.1024      97.8093     58.5656     58.8655
8.7072      560.2931     599.2369     38.9438     658.1442      97.8511     58.5796     58.9073
8.7372      560.3270     599.2369     38.9099     658.2052      97.8782     58.5660     58.9683
8.7674      560.3496     599.2369     38.8873     658.2760      97.9264     58.5670     59.0391
8.7947      560.3157     599.2707     38.9550     658.3323      98.0166     58.6422     59.0616
8.8236      560.3270     599.2369     38.9099     658.3199      97.9929     58.6042     59.0830
8.8498      560.3383     599.2031     38.8648     658.3092      97.9709     58.5668     59.1061
8.8765      560.3383     599.2369     38.8986     658.3659      98.0275     58.6082     59.1289
8.9050      560.3610     599.2369     38.8760     658.4175      98.0566     58.6028     59.1806
8.9332      560.3610     599.2031     38.8422     658.4055      98.0446     58.5763     59.2024
8.9619      560.3157     599.1693     38.8536     658.4031      98.0874     58.5982     59.2338
8.9913      560.3157     599.1693     38.8536     658.4341      98.1183     58.6085     59.2647
9.0209      560.3836     599.1693     38.7858     658.5549      98.1713     58.5810     59.3856
9.0501      560.3383     599.2031     38.8648     658.5697      98.2313     58.6536     59.3665
9.0784      560.3270     599.2031     38.8761     658.5812      98.2542     58.6688     59.3781
9.1058      560.3496     599.1693     38.8197     658.5595      98.2099     58.6164     59.3902
9.1332      560.3270     599.1693     38.8423     658.6016      98.2746     58.6531     59.4323
9.1603      560.3610     599.2031     38.8422     658.7076      98.3467     58.6770     59.5045
9.1880      560.3610     599.2031     38.8422     658.7794      98.4184     58.7009     59.5763
9.2164      560.3610     599.2031     38.8422     658.8007      98.4398     58.7080     59.5976
9.2448      560.3723     599.2031     38.8309     658.8320      98.4597     58.7072     59.6289
9.2734      560.3383     599.1693     38.8310     658.8393      98.5010     58.7210     59.6700
9.3028      560.3496     599.1693     38.8197     658.8998      98.5502     58.7299     59.7305
9.3316      560.3270     599.1693     38.8423     658.8908      98.5638     58.7495     59.7215
9.3604      560.3270     599.1355     38.8085     658.8580      98.5310     58.7160     59.7225
9.3876      560.3383     599.1355     38.7972     658.9298      98.5915     58.7286     59.7943
9.4155      560.3270     599.1693     38.8423     658.9851      98.6581     58.7809     59.8158
9.4446      560.3270     599.1693     38.8423     659.0456      98.7186     58.8011     59.8762
9.4741      560.3270     599.1355     38.8085     659.0122      98.6852     58.7674     59.8766
9.5013      560.3270     599.1355     38.8085     659.0440      98.7169     58.7780     59.9084
9.5302      560.3383     599.1355     38.7972     659.1244      98.7861     58.7935     59.9889
9.5591      560.3383     599.1693     38.8310     659.1987      98.8604     58.8408     60.0294
9.5867      560.2931     599.1355     38.8424     659.1964      98.9033     58.8627     60.0608
9.6149      560.3044     599.1355     38.8311     659.1876      98.8832     58.8485     60.0521
9.6414      560.3044     599.1355     38.8311     659.2296      98.9252     58.8625     60.0941
9.6683      560.3383     599.1693     38.8310     659.2753      98.9370     58.8663     60.1060
9.6950      560.3044     599.1355     38.8311     659.2834      98.9790     58.8804     60.1479
9.7229      560.3383     599.1355     38.7972     659.3642      99.0259     58.8734     60.2286
9.7540      560.3383     599.1355     38.7972     659.3732      99.0349     58.8764     60.2377
9.7830      560.3383     599.1017     38.7634     659.3696      99.0313     58.8527     60.2679
9.8110      560.3496     599.1355     38.7859     659.4642      99.1145     58.8954     60.3286
9.8395      560.3383     599.1017     38.7634     659.4510      99.1127     58.8798     60.3493
9.8688      560.3157     599.1355     38.8198     659.4552      99.1395     58.9264     60.3197
9.8966      560.3270     599.1693     38.8423     659.5497      99.2227     58.9691     60.3804
9.9245      560.3270     599.1355     38.8085     659.5171      99.1900     58.9357     60.3815
9.9522      560.3610     599.1017     38.7408     659.5043      99.1434     58.8750     60.4026
9.9791      560.3610     599.1017     38.7408     659.5556      99.1947     58.8921     60.4539
10.0076     560.3496     599.1017     38.7521     659.6157      99.2661     58.9234     60.5140
10.0366     560.3157     599.1355     38.8198     659.6894      99.3737     59.0044     60.5538
10.0647     560.3044     599.1017     38.7973     659.6862      99.3818     58.9922     60.5844
10.0933     560.3270     599.1017     38.7747     659.7361      99.4091     58.9862     60.6344
10.1226     560.3044     599.1355     38.8311     659.7897      99.4853     59.0492     60.6542
10.1514     560.3157     599.1355     38.8198     659.7900      99.4743     59.0380     60.6545
10.1787     560.3157     599.1355     38.8198     659.8309      99.5152     59.0516     60.6954
10.2054     560.3157     599.1017     38.7860     659.8186      99.5029     59.0250     60.7169
10.2314     560.3157     599.0680     38.7522     659.8166      99.5009     59.0018     60.7487
10.2590     560.3496     599.0680     38.7183     659.8572      99.5076     58.9814     60.7893
10.2865     560.3044     599.0680     38.7636     659.9077      99.6033     59.0435     60.8397
10.3147     560.3157     599.1017     38.7860     659.9421      99.6264     59.0661     60.8403
10.3427     560.3836     599.1017     38.7182     659.9724      99.5888     59.0084     60.8706
10.3716     560.3383     599.1017     38.7634     660.0021      99.6638     59.0635     60.9003
10.4001     560.2931     599.1017     38.8087     660.0616      99.7685     59.1286     60.9598
10.4269     560.2592     599.1355     38.8764     660.0673      99.8082     59.1870     60.9318
10.4522     560.2931     599.1017     38.8087     660.0754      99.7824     59.1332     60.9737
10.4795     560.3157     599.0680     38.7522     660.0821      99.7664     59.0903     61.0141
10.5069     560.3157     599.1017     38.7860     660.1465      99.8308     59.1343     61.0447
10.5346     560.3383     599.1017     38.7634     660.1866      99.8483     59.1250     61.0849
10.5625     560.3270     599.0680     38.7409     660.1929      99.8659     59.1159     61.1249
10.5907     560.3044     599.1017     38.7973     660.2861      99.9817     59.1921     61.1843
10.6196     560.3610     599.0680     38.7070     660.2719      99.9109     59.1083     61.2039
10.6486     560.3610     599.0680     38.7070     660.3012      99.9402     59.1181     61.2332
10.6767     560.3044     599.0680     38.7636     660.2819      99.9775     59.1682     61.2139
10.7048     560.3157     599.0342     38.7184     660.2976      99.9819     59.1396     61.2634
10.7319     560.2705     599.0342     38.7637     660.2790     100.0086     59.1786     61.2449
10.7581     560.3044     599.0680     38.7636     660.3439     100.0395     59.1889     61.2760
10.7854     560.2931     599.0680     38.7749     660.4234     100.1303     59.2267     61.3554
10.8139     560.3383     599.0680     38.7296     660.4528     100.1145     59.1912     61.3848
10.8434     560.3044     599.0680     38.7636     660.4816     100.1772     59.2348     61.4136
10.8721     560.2705     599.0680     38.7975     660.4814     100.2109     59.2686     61.4134
10.9002     560.2931     599.0342     38.7411     660.5165     100.2234     59.2352     61.4823
10.9285     560.2818     599.0680     38.7862     660.5405     100.2587     59.2770     61.4726
10.9562     560.2705     599.1017     38.8313     660.5846     100.3141     59.3256     61.4829
10.9827     560.2592     599.0680     38.8088     660.5913     100.3321     59.3166     61.5234
11.0122     560.2818     599.0342     38.7524     660.5959     100.3141     59.2729     61.5617
11.0388     560.2931     599.0680     38.7749     660.6406     100.3475     59.2991     61.5727
11.0670     560.2705     599.0342     38.7637     660.6558     100.3853     59.3042     61.6216
11.0971     560.2931     599.0342     38.7411     660.6741     100.3810     59.2877     61.6399
11.1241     560.2931     599.0342     38.7411     660.7042     100.4112     59.2978     61.6701
11.1524     560.2705     599.0342     38.7637     660.7628     100.4923     59.3399     61.7286
11.1824     560.2818     599.0680     38.7862     660.7953     100.5135     59.3620     61.7274
11.2103     560.2705     599.0342     38.7637     660.7910     100.5205     59.3493     61.7568
11.2378     560.2252     599.0342     38.8089     660.7621     100.5369     59.3849     61.7279
11.2655     560.2252     599.0342     38.8089     660.8014     100.5762     59.3980     61.7673
11.2916     560.2592     599.0342     38.7750     660.8125     100.5534     59.3678     61.7784
11.3195     560.2479     599.0004     38.7525     660.8374     100.5895     59.3648     61.8370
11.3488     560.2479     599.0342     38.7863     660.9092     100.6614     59.4113     61.8751
11.3769     560.2818     599.0680     38.7862     660.9819     100.7001     59.4242     61.9140
11.4063     560.2705     599.0342     38.7637     660.9861     100.7156     59.4143     61.9519
11.4348     560.2592     599.0680     38.8088     661.0389     100.7798     59.4658     61.9710
11.4621     560.2592     599.0680     38.8088     661.0296     100.7704     59.4627     61.9616
11.4904     560.2818     599.0680     38.7862     661.0682     100.7864     59.4529     62.0002
11.5184     560.2252     599.0342     38.8089     661.0440     100.8188     59.4789     62.0099
11.5455     560.2366     599.0342     38.7976     661.0737     100.8371     59.4774     62.0395
11.5724     560.2252     599.0680     38.8427     661.0983     100.8731     59.5195     62.0303
11.5991     560.2026     599.0004     38.7977     661.0703     100.8677     59.4877     62.0700
11.6269     560.1913     599.0342     38.8428     661.1527     100.9614     59.5490     62.1185
11.6562     560.1574     599.0342     38.8768     661.2001     101.0427     59.5988     62.1660
11.6842     560.1574     599.0680     38.9106     661.2531     101.0957     59.6390     62.1852
11.7133     560.1687     599.0342     38.8655     661.2765     101.1078     59.6129     62.2424
11.7414     560.1574     599.0342     38.8768     661.2858     101.1285     59.6273     62.2517
11.7678     560.1687     599.0004     38.8317     661.2820     101.1133     59.5922     62.2816
11.7953     560.1235     598.9666     38.8431     661.2482     101.1247     59.6037     62.2816
11.8254     560.1461     599.0004     38.8543     661.2995     101.1534     59.6207     62.2991
11.8534     560.1348     599.0342     38.8994     661.3233     101.1885     59.6624     62.2891
11.8799     560.1235     599.0342     38.9107     661.3918     101.2683     59.6966     62.3576
11.9086     560.1348     599.0342     38.8994     661.4199     101.2851     59.6946     62.3858
11.9352     560.1687     599.0004     38.8317     661.4061     101.2374     59.6336     62.4057
11.9641     560.1800     598.9666     38.7866     661.4390     101.2590     59.6107     62.4724
11.9934     560.1235     598.9666     38.8431     661.4278     101.3044     59.6635     62.4613
12.0222     560.0669     598.9666     38.8997     661.4558     101.3889     59.7294     62.4893
12.0503     560.0782     598.9666     38.8884     661.4649     101.3867     59.7211     62.4983
12.0764     560.1008     598.9666     38.8657     661.4850     101.3842     59.7052     62.5184
12.1034     560.0895     599.0004     38.9108     661.5384     101.4488     59.7568     62.5380
12.1313     560.1008     598.9666     38.8657     661.5524     101.4515     59.7277     62.5858
12.1578     560.0895     598.9666     38.8770     661.5721     101.4826     59.7456     62.6056
12.1853     560.0669     598.9666     38.8997     661.6298     101.5629     59.7874     62.6632
12.2139     560.0895     598.9666     38.8770     661.6674     101.5779     59.7773     62.7008
12.2422     560.1008     599.0004     38.8995     661.7003     101.5994     59.7995     62.6999
12.2710     560.0895     599.0004     38.9108     661.7377     101.6481     59.8233     62.7373
12.2983     560.0669     599.0004     38.9335     661.7181     101.6512     59.8394     62.7177
12.3262     560.0443     598.9666     38.9223     661.7705     101.7262     59.8569     62.8039
12.3537     560.0104     598.9666     38.9562     661.7218     101.7114     59.8746     62.7552
12.3787     559.9991     598.9328     38.9337     661.6894     101.6904     59.8526     62.7567
12.4068     560.0104     598.9328     38.9224     661.7753     101.7649     59.8699     62.8425
12.4337     559.9878     598.9328     38.9450     661.7753     101.7875     59.8925     62.8425
12.4625     559.9764     598.9666     38.9901     661.8655     101.8890     59.9564     62.8989
12.4916     559.9425     598.9666     39.0241     661.8734     101.9309     59.9930     62.9069
12.5199     559.9312     598.9328     39.0016     661.8867     101.9554     59.9862     62.9539
12.5467     559.9086     598.9328     39.0242     661.8867     101.9781     60.0088     62.9539
12.5740     559.8860     598.9666     39.0806     661.9296     102.0437     60.0683     62.9631
12.6017     559.8860     598.9666     39.0806     661.9674     102.0814     60.0809     63.0008
12.6299     559.9086     598.9666     39.0580     661.9759     102.0673     60.0611     63.0093
12.6580     559.9199     598.9328     39.0129     661.9699     102.0500     60.0253     63.0371
12.6853     559.8747     598.9666     39.0919     662.0224     102.1477     60.1105     63.0558
12.7127     559.9312     598.9666     39.0354     662.1659     102.2347     60.1018     63.1993
12.7408     559.8860     598.9328     39.0468     662.1406     102.2546     60.1161     63.2078
12.7691     559.8747     598.9666     39.0919     662.2114     102.3368     60.1735     63.2448
12.7967     559.8973     598.9328     39.0355     662.1960     102.2988     60.1233     63.2633
12.8250     559.8973     598.9328     39.0355     662.2043     102.3070     60.1260     63.2715
12.8515     559.8634     598.9328     39.0694     662.2138     102.3504     60.1631     63.2810
12.8793     559.8634     598.8990     39.0356     662.2078     102.3444     60.1386     63.3088
12.9064     559.8973     598.9328     39.0355     662.2698     102.3725     60.1478     63.3370
12.9331     559.8747     598.9328     39.0581     662.3078     102.4331     60.1831     63.3750
12.9612     559.9086     598.9328     39.0242     662.3352     102.4266     60.1583     63.4024
12.9902     559.8860     598.9666     39.0806     662.4054     102.5194     60.2269     63.4388
13.0199     559.8747     598.9328     39.0581     662.3977     102.5231     60.2131     63.4650
13.0499     559.8973     598.9328     39.0355     662.4142     102.5169     60.1960     63.4814
13.0766     559.9086     598.9666     39.0580     662.5145     102.6059     60.2406     63.5479
13.1045     559.8973     598.9328     39.0355     662.4412     102.5439     60.2050     63.5084
13.1323     559.8747     598.8990     39.0243     662.4254     102.5507     60.1998     63.5264
13.1580     559.8294     598.8990     39.0696     662.4448     102.6153     60.2515     63.5458
13.1857     559.8407     598.9328     39.0921     662.4869     102.6462     60.2768     63.5541
13.2128     559.8747     598.9328     39.0581     662.5435     102.6688     60.2617     63.6107
13.2420     559.8860     598.8990     39.0130     662.5456     102.6596     60.2286     63.6466
13.2709     559.8973     598.9328     39.0355     662.6249     102.7277     60.2662     63.6922
13.3003     559.8634     598.9328     39.0694     662.6129     102.7496     60.2961     63.6801
13.3290     559.8407     598.8990     39.0583     662.6153     102.7745     60.2970     63.7163
13.3575     559.8181     598.8990     39.0809     662.6229     102.8048     60.3222     63.7239
13.3859     559.8407     598.8990     39.0583     662.6497     102.8089     60.3085     63.7507
13.4134     559.8068     598.9328     39.1260     662.7013     102.8945     60.3822     63.7685
13.4397     559.8294     598.8990     39.0696     662.6672     102.8378     60.3256     63.7682
13.4647     559.8181     598.9328     39.1147     662.7302     102.9121     60.3805     63.7974
13.4930     559.8068     598.8990     39.0922     662.7231     102.9163     60.3669     63.8241
13.5213     559.8294     598.9328     39.1034     662.7741     102.9447     60.3838     63.8413
13.5489     559.7955     598.8990     39.1035     662.7770     102.9815     60.3962     63.8781
13.5776     559.7955     598.9328     39.1373     662.8657     103.0702     60.4483     63.9329
13.6069     559.8068     598.9666     39.1598     662.9158     103.1090     60.4762     63.9492
13.6367     559.7955     598.9328     39.1373     662.8885     103.0930     60.4559     63.9557
13.6636     559.7955     598.9328     39.1373     662.8685     103.0730     60.4492     63.9358
13.6903     559.7729     598.9328     39.1599     662.8772     103.1044     60.4747     63.9445
13.7163     559.7729     598.8990     39.1261     662.8622     103.0893     60.4472     63.9632
13.7428     559.7503     598.9328     39.1825     662.9143     103.1640     60.5097     63.9815
13.7707     559.7616     598.8990     39.1374     662.9547     103.1931     60.4893     64.0557
13.7978     559.7729     598.9328     39.1599     662.9968     103.2239     60.5146     64.0640
13.8256     559.7842     598.8990     39.1148     662.9803     103.1961     60.4752     64.0813
13.8517     559.7163     598.9666     39.2502     663.0569     103.3405     60.6137     64.0903
13.8772     559.7503     598.9328     39.1825     663.0515     103.3012     60.5554     64.1187
13.9045     559.7276     598.9666     39.2389     663.0839     103.3562     60.6114     64.1173
13.9321     559.7163     598.9328     39.2165     663.0675     103.3511     60.5947     64.1347
13.9578     559.7163     598.9328     39.2165     663.0672     103.3509     60.5946     64.1344
13.9845     559.7163     598.9328     39.2165     663.0662     103.3499     60.5943     64.1334
14.0111     559.7390     598.9328     39.1938     663.1316     103.3927     60.5934     64.1988
14.0392     559.7163     598.8652     39.1489     663.1187     103.4023     60.5667     64.2535
14.0671     559.6937     598.8990     39.2053     663.1316     103.4379     60.6161     64.2326
14.0941     559.7163     598.9328     39.2165     663.2209     103.5045     60.6458     64.2881
14.1226     559.6937     598.8990     39.2053     663.2413     103.5476     60.6527     64.3423
14.1503     559.6485     598.8990     39.2505     663.1828     103.5343     60.6784     64.2838
14.1785     559.6485     598.8652     39.2167     663.1657     103.5172     60.6502     64.3005
14.2052     559.6259     598.8990     39.2731     663.2078     103.5819     60.7094     64.3088
14.2299     559.6372     598.8990     39.2618     663.2081     103.5709     60.6982     64.3091
14.2546     559.6711     598.9328     39.2617     663.2611     103.5900     60.7045     64.3283
14.2828     559.6937     598.8990     39.2053     663.2628     103.5691     60.6599     64.3638
14.3107     559.6598     598.8990     39.2392     663.2984     103.6386     60.7057     64.3994
14.3398     559.6372     598.8990     39.2618     663.3330     103.6959     60.7398     64.4340
14.3672     559.6372     598.9328     39.2956     663.3651     103.7279     60.7731     64.4323
14.3945     559.6259     598.9328     39.3069     663.3728     103.7469     60.7869     64.4400
14.4218     559.6146     598.9328     39.3182     663.4370     103.8224     60.8196     64.5042
14.4489     559.5919     598.8652     39.2733     663.3395     103.7476     60.7647     64.4743
14.4745     559.6259     598.8990     39.2731     663.4011     103.7753     60.7738     64.5022
14.5000     559.6032     598.8990     39.2957     663.3913     103.7881     60.7932     64.4923
14.5263     559.6032     598.8652     39.2620     663.3753     103.7720     60.7653     64.5101
14.5524     559.6032     598.8990     39.2957     663.4458     103.8425     60.8113     64.5468
14.5802     559.5580     598.8652     39.3072     663.4474     103.8894     60.8346     64.5822
14.6069     559.5580     598.8990     39.3410     663.4798     103.9218     60.8679     64.5808
14.6340     559.5806     598.8990     39.3184     663.4875     103.9068     60.8479     64.5885
14.6612     559.5693     598.8990     39.3297     663.5327     103.9633     60.8742     64.6337
14.6883     559.5241     598.8990     39.3749     663.5027     103.9786     60.9095     64.6037
14.7150     559.5128     598.8990     39.3862     663.5294     104.0166     60.9297     64.6304
14.7411     559.5128     598.8990     39.3862     663.5284     104.0156     60.9293     64.6294
14.7667     559.5128     598.8652     39.3524     663.5221     104.0093     60.9047     64.6569
14.7924     559.5015     598.8314     39.3299     663.5251     104.0236     60.8945     64.6937
14.8195     559.4902     598.8314     39.3413     663.5326     104.0424     60.9083     64.7012
14.8464     559.4675     598.8652     39.3977     663.5928     104.1252     60.9735     64.7276
14.8728     559.4675     598.8652     39.3977     663.5915     104.1239     60.9731     64.7263
14.8993     559.4675     598.8990     39.4315     663.6426     104.1750     61.0126     64.7436
14.9272     559.4562     598.8652     39.4090     663.5969     104.1407     60.9862     64.7317
14.9528     559.4449     598.8990     39.4541     663.6955     104.2506     61.0529     64.7965
14.9785     559.4223     598.8990     39.4767     663.6572     104.2349     61.0627     64.7582
15.0030     559.3997     598.8652     39.4655     663.6141     104.2144     61.0485     64.7488
15.0299     559.4223     598.8652     39.4429     663.6403     104.2180     61.0346     64.7751
15.0558     559.4449     598.8652     39.4203     663.6486     104.2036     61.0147     64.7834
15.0818     559.4336     598.8990     39.4654     663.7280     104.2944     61.0750     64.8290
15.1073     559.4223     598.9328     39.5105     663.7610     104.3387     61.1199     64.8282
15.1346     559.4336     598.9328     39.4992     663.7961     104.3625     61.1203     64.8633
15.1632     559.4110     598.8990     39.4880     663.7499     104.3389     61.1050     64.8509
15.1905     559.3997     598.8652     39.4655     663.7325     104.3328     61.0880     64.8673
15.2160     559.3997     598.8314     39.4317     663.6979     104.2982     61.0539     64.8664
15.2413     559.3544     598.8990     39.5445     663.7740     104.4196     61.1696     64.8750
15.2652     559.3431     598.8652     39.5221     663.7406     104.3975     61.1472     64.8754
15.2888     559.3884     598.8990     39.5106     663.8030     104.4146     61.1453     64.9040
15.3058     559.3658     598.8990     39.5332     663.8458     104.4801     61.1822     64.9468
15.3056     559.3544     598.9328     39.5783     663.8984     104.5439     61.2335     64.9656
15.3054     559.3658     598.8652     39.4994     663.8776     104.5118     61.1702     65.0124
15.3052     559.3431     598.8652     39.5221     663.9057     104.5625     61.2022     65.0405
15.3054     559.3092     598.8652     39.5560     663.9335     104.6243     61.2454     65.0683
15.3052     559.3205     598.8990     39.5785     663.9488     104.6283     61.2617     65.0498
15.3054     559.2301     598.8652     39.6352     663.9614     104.7314     61.3339     65.0962
15.3056     559.1961     598.8652     39.6691     663.9706     104.7745     61.3709     65.1054
15.3056     559.2187     598.8990     39.6803     664.0696     104.8509     61.4038     65.1706
15.3056     559.2187     598.8314     39.6127     664.0486     104.8299     61.3517     65.2172
15.3058     559.2414     598.8314     39.5901     664.0578     104.8164     61.3322     65.2264
15.3060     559.2527     598.8314     39.5787     664.1322     104.8795     61.3457     65.3008
15.3068     559.2187     598.8314     39.6127     664.1222     104.9035     61.3763     65.2908
15.3097     559.2301     598.8314     39.6014     664.1853     104.9553     61.3860     65.3539
15.3273     559.2187     598.8314     39.6127     664.1996     104.9809     61.4021     65.3682
15.3543     559.2301     598.8314     39.6014     664.1602     104.9301     61.3776     65.3288
15.3790     559.1848     598.8314     39.6466     664.1411     104.9563     61.4165     65.3097
15.4051     559.2187     598.8990     39.6803     664.2351     105.0163     61.4589     65.3361
15.4302     559.2187     598.8652     39.6465     664.2005     104.9818     61.4249     65.3353
15.4566     559.2074     598.8990     39.6916     664.2791     105.0716     61.4849     65.3801
15.4847     559.1961     598.8652     39.6691     664.2793     105.0832     61.4738     65.4141
15.5118     559.2074     598.8652     39.6578     664.2583     105.0509     61.4555     65.3931
15.5394     559.1509     598.8314     39.6805     664.2590     105.1081     61.4897     65.4276
15.5675     559.1848     598.8652     39.6804     664.2988     105.1140     61.4916     65.4336
15.5936     559.1283     598.8652     39.7369     664.2879     105.1596     61.5445     65.4227
15.6201     559.1170     598.8652     39.7482     664.2673     105.1504     61.5489     65.4021
15.6459     559.1396     598.8314     39.6918     664.2414     105.1019     61.4952     65.4100
15.6696     559.1170     598.8652     39.7482     664.2847     105.1677     61.5547     65.4195
15.6941     559.1170     598.8652     39.7482     664.2935     105.1765     61.5577     65.4283
15.7204     559.1057     598.8314     39.7258     664.3134     105.2078     61.5531     65.4820
15.7469     559.0604     598.8314     39.7710     664.2836     105.2232     61.5884     65.4522
15.7729     559.0943     598.8314     39.7371     664.3005     105.2062     61.5601     65.4691
15.7968     559.0378     598.8314     39.7936     664.2912     105.2534     61.6135     65.4598
15.8221     559.0378     598.8652     39.8274     664.3331     105.2953     61.6500     65.4679
15.8488     559.0265     598.8652     39.8387     664.3308     105.3043     61.6606     65.4656
15.8735     559.0265     598.8652     39.8387     664.3301     105.3036     61.6603     65.4649
15.8997     559.0152     598.8652     39.8500     664.3190     105.3038     61.6680     65.4538
15.9260     559.0265     598.8652     39.8387     664.3448     105.3183     61.6652     65.4796
15.9523     559.0491     598.8314     39.7823     664.3460     105.2969     61.6205     65.5146
15.9801     559.0152     598.8314     39.8162     664.3521     105.3369     61.6565     65.5207
16.0074     559.0378     598.8314     39.7936     664.3862     105.3484     61.6452     65.5548
16.0351     558.9813     598.8652     39.8840     664.4353     105.4541     61.7407     65.5701
16.0635     558.9699     598.8314     39.8615     664.3886     105.4187     61.7139     65.5572
16.0908     558.9247     598.8314     39.9067     664.3581     105.4333     61.7489     65.5266
16.1175     558.9473     598.8314     39.8841     664.3464     105.3991     61.7224     65.5150
16.1438     559.0039     598.7976     39.7937     664.3290     105.3251     61.6375     65.5313
16.1710     558.9360     598.7976     39.8616     664.3170     105.3810     61.7014     65.5194
16.1995     558.9021     598.8314     39.9293     664.3654     105.4633     61.7740     65.5339
16.2264     558.9360     598.8652     39.9292     664.4242     105.4882     61.7822     65.5590
16.2540     558.9813     598.8652     39.8840     664.4487     105.4675     61.7451     65.5835
16.2823     558.9360     598.8652     39.9292     664.4449     105.5089     61.7891     65.5797
16.3116     558.9360     598.8652     39.9292     664.4864     105.5504     61.8029     65.6212
16.3398     558.8908     598.8652     39.9744     664.4828     105.5920     61.8469     65.6176
16.3649     558.9021     598.8314     39.9293     664.4385     105.5364     61.7983     65.6071
16.3938     558.8908     598.8314     39.9406     664.4250     105.5342     61.8052     65.5936
16.4242     558.9021     598.8990     39.9969     664.4963     105.5942     61.8627     65.5973
16.4505     558.8455     598.8652     40.0197     664.4419     105.5963     61.8786     65.5767
16.4762     558.8795     598.8652     39.9857     664.4493     105.5698     61.8471     65.5841
16.5036     558.8682     598.8314     39.9632     664.4216     105.5534     61.8266     65.5902
16.5309     558.8569     598.8314     39.9746     664.4368     105.5800     61.8430     65.6054
16.5608     558.8342     598.8990     40.0648     664.5084     105.6742     61.9346     65.6094
16.5884     558.8342     598.8652     40.0310     664.4897     105.6555     61.9058     65.6245
16.6175     558.8229     598.8652     40.0423     664.5402     105.7172     61.9339     65.6750
16.6454     558.7890     598.8652     40.0762     664.5273     105.7383     61.9636     65.6621
16.6722     558.8003     598.8652     40.0649     664.5063     105.7060     61.9453     65.6411
16.6983     558.7438     598.8314     40.0876     664.4702     105.7265     61.9673     65.6388
16.7252     558.7551     598.8314     40.0763     664.4215     105.6665     61.9397     65.5901
16.7531     558.7777     598.8314     40.0537     664.4820     105.7043     61.9372     65.6506
16.7799     558.7890     598.8314     40.0424     664.4884     105.6994     61.9281     65.6570
16.8080     558.7551     598.8652     40.1101     664.5366     105.7815     62.0006     65.6714
16.8369     558.7211     598.8652     40.1441     664.5137     105.7926     62.0269     65.6485
16.8645     558.7098     598.8652     40.1554     664.5286     105.8188     62.0432     65.6634
16.8918     558.6759     598.8314     40.1555     664.4732     105.7973     62.0361     65.6418
16.9199     558.6759     598.8652     40.1893     664.4665     105.7906     62.0564     65.6013
16.9465     558.6533     598.8652     40.2119     664.4821     105.8288     62.0842     65.6169
16.9732     558.6646     598.8314     40.1668     664.4089     105.7443     62.0260     65.5775
16.9993     558.6420     598.7976     40.1556     664.3728     105.7308     62.0140     65.5751
17.0277     558.6646     598.7976     40.1330     664.3960     105.7314     61.9992     65.5984
17.0566     558.6420     598.8314     40.1894     664.4161     105.7741     62.0510     65.5847
17.0849     558.6194     598.7976     40.1783     664.3690     105.7496     62.0354     65.5714
17.1117     558.5967     598.7976     40.2009     664.3935     105.7967     62.0662     65.5958
17.1398     558.5741     598.7976     40.2235     664.3165     105.7424     62.0631     65.5189
17.1679     558.5741     598.7976     40.2235     664.3125     105.7383     62.0618     65.5149
17.1946     558.5628     598.7976     40.2348     664.3004     105.7376     62.0691     65.5028
17.2212     558.5741     598.7976     40.2235     664.2521     105.6780     62.0417     65.4545
17.2455     558.5176     598.7638     40.2462     664.1900     105.6724     62.0550     65.4262
17.2716     558.5063     598.7976     40.2913     664.2305     105.7242     62.1023     65.4328
17.2985     558.5402     598.7638     40.2236     664.1936     105.6534     62.0335     65.4297
17.3263     558.4950     598.8314     40.3364     664.2301     105.7351     62.1360     65.3987
17.3538     558.4610     598.7976     40.3366     664.1836     105.7226     62.1319     65.3860
17.3827     558.4723     598.8314     40.3591     664.1854     105.7131     62.1437     65.3540
17.4097     558.4723     598.7976     40.3253     664.1394     105.6671     62.1059     65.3418
17.4376     558.4271     598.8314     40.4043     664.1511     105.7240     62.1775     65.3197
17.4657     558.3932     598.7976     40.4044     664.0315     105.6383     62.1491     65.2339
17.4915     558.3366     598.7976     40.4610     664.0203     105.6836     62.2019     65.2226
17.5174     558.3479     598.7976     40.4497     663.9453     105.5974     62.1656     65.1477
17.5445     558.3593     598.7976     40.4384     663.8876     105.5283     62.1350     65.0900
17.5737     558.3253     598.7638     40.4385     663.7764     105.4511     62.1093     65.0126
17.6030     558.3027     598.7976     40.4949     663.7961     105.4934     62.1611     64.9985
17.6313     558.2914     598.7976     40.5062     663.6922     105.4008     62.1377     64.8946
17.6577     558.3027     598.7976     40.4949     663.6533     105.3506     62.1135     64.8557
17.6850     558.2462     598.7976     40.5515     663.5956     105.3494     62.1508     64.7979
17.7113     558.2575     598.8314     40.5739     663.5724     105.3149     62.1543     64.7410
17.7368     558.2462     598.8314     40.5852     663.5161     105.2700     62.1468     64.6847
17.7632     558.1783     598.8314     40.6531     663.4683     105.2900     62.1987     64.6369
17.7891     558.1783     598.8314     40.6531     663.4117     105.2334     62.1799     64.5803
17.8166     558.2122     598.8652     40.6530     663.4510     105.2388     62.1816     64.5858
17.8443     558.2235     598.8314     40.6079     663.3683     105.1448     62.1202     64.5369
17.8709     558.2235     598.7976     40.5741     663.2866     105.0630     62.0704     64.4890
17.8988     558.2009     598.8314     40.6305     663.2804     105.0794     62.1135     64.4490
17.9269     558.2009     598.8314     40.6305     663.1951     104.9941     62.0850     64.3637
17.9533     558.1557     598.8314     40.6757     663.1654     105.0097     62.1204     64.3340
17.9810     558.1670     598.8314     40.6644     663.1076     104.9405     62.0898     64.2761
18.0067     558.1444     598.8652     40.7208     663.0219     104.8776     62.1064     64.1567
18.0312     558.1557     598.7976     40.6419     662.9171     104.7614     62.0151     64.1195
18.0582     558.1218     598.8652     40.7434     662.9366     104.8148     62.1006     64.0714
18.0863     558.1670     598.8652     40.6982     662.9326     104.7656     62.0540     64.0674
18.1130     558.1444     598.8652     40.7208     662.8667     104.7223     62.0546     64.0015
18.1420     558.1218     598.7976     40.6759     662.7855     104.6637     62.0051     63.9879
18.1707     558.1105     598.8314     40.7210     662.7608     104.6503     62.0308     63.9294
18.1992     558.1105     598.8314     40.7210     662.7025     104.5921     62.0113     63.8711
18.2268     558.1105     598.7976     40.6872     662.6202     104.5098     61.9614     63.8226
18.2523     558.0992     598.7976     40.6985     662.5913     104.4922     61.9630     63.7937
18.2786     558.1105     598.7976     40.6872     662.5708     104.4603     61.9449     63.7732
18.3056     558.0992     598.7976     40.6985     662.5318     104.4326     61.9432     63.7342
18.3345     558.1331     598.7976     40.6645     662.4912     104.3582     61.8957     63.6936
18.3628     558.0992     598.7976     40.6985     662.4422     104.3430     61.9133     63.6446
18.3914     558.1105     598.7976     40.6872     662.3930     104.2825     61.8856     63.5954
18.4167     558.0765     598.8314     40.7549     662.3801     104.3036     61.9378     63.5487
18.4436     558.0652     598.8314     40.7662     662.3412     104.2760     61.9361     63.5098
18.4699     558.0200     598.8314     40.8114     662.2310     104.2110     61.9446     63.3996
18.4973     558.0313     598.8652     40.8339     662.2346     104.2033     61.9570     63.3694
18.5228     558.0200     598.8314     40.8114     662.1451     104.1251     61.9160     63.3137
18.5471     558.0200     598.8314     40.8114     662.1083     104.0883     61.9037     63.2768
18.5742     558.0539     598.7976     40.7437     662.0623     104.0084     61.8319     63.2647
18.6022     558.0313     598.7976     40.7663     662.0675     104.0362     61.8563     63.2699
18.6297     558.0200     598.7976     40.7776     662.0461     104.0261     61.8605     63.2485
18.6574     557.9861     598.7976     40.8116     662.0067     104.0206     61.8812     63.2090
18.6856     557.9861     598.8652     40.8791     662.0345     104.0484     61.9356     63.1693
18.7133     557.9974     598.8314     40.8340     661.8539     103.8566     61.8416     63.0225
18.7398     557.9408     598.8314     40.8906     661.8244     103.8836     61.8883     62.9930
18.7655     557.9634     598.7976     40.8342     661.7618     103.7983     61.8222     62.9641
18.7915     557.9408     598.7976     40.8568     661.6702     103.7294     61.8143     62.8726
18.8162     557.9634     598.8314     40.8680     661.6759     103.7125     61.8161     62.8445
18.8431     557.9295     598.7976     40.8681     661.6302     103.7007     61.8123     62.8326
18.8708     557.9634     598.7976     40.8342     661.5819     103.6185     61.7623     62.7843
18.8986     557.9634     598.8314     40.8680     661.5675     103.6041     61.7800     62.7361
18.9259     557.9634     598.8314     40.8680     661.5374     103.5740     61.7700     62.7060
18.9524     557.9408     598.8314     40.8906     661.4723     103.5315     61.7709     62.6409
18.9780     557.8956     598.7976     40.9020     661.3921     103.4965     61.7669     62.5945
19.0049     557.9069     598.8314     40.9245     661.3516     103.4447     61.7646     62.5202
19.0324     557.8843     598.8314     40.9471     661.2323     103.3481     61.7474     62.4009
19.0567     557.8843     598.7976     40.9133     661.1798     103.2955     61.7074     62.3822
19.0817     557.8956     598.8314     40.9358     661.1766     103.2810     61.7176     62.3452
19.1094     557.9408     598.7976     40.8568     661.1214     103.1806     61.6314     62.3238
19.1373     557.9182     598.8314     40.9132     661.0714     103.1532     61.6599     62.2400
19.1640     557.9182     598.8652     40.9470     661.1024     103.1842     61.6927     62.2372
19.1924     557.8730     598.8314     40.9584     660.9935     103.1205     61.6791     62.1621
19.2201     557.9069     598.8652     40.9583     660.9882     103.0813     61.6660     62.1230
19.2462     557.8730     598.8314     40.9584     660.8543     102.9813     61.6327     62.0229
19.2740     557.8617     598.8314     40.9698     660.7797     102.9181     61.6192     61.9483
19.2995     557.8730     598.8652     40.9922     660.7762     102.9032     61.6292     61.9110
19.3266     557.8504     598.8314     40.9811     660.6861     102.8357     61.5993     61.8546
19.3538     557.8504     598.8652     41.0149     660.6724     102.8221     61.6173     61.8072
19.3819     557.8504     598.8652     41.0149     660.6331     102.7828     61.6042     61.7679
19.4090     557.8843     598.8314     40.9471     660.5608     102.6765     61.5236     61.7294
19.4390     557.8730     598.8314     40.9584     660.5290     102.6560     61.5243     61.6976
19.4661     557.8504     598.8314     40.9811     660.4905     102.6402     61.5341     61.6591
19.4956     557.8390     598.8314     40.9924     660.4059     102.5668     61.5172     61.5745
19.5242     557.8164     598.8652     41.0488     660.3647     102.5483     61.5486     61.4995
19.5513     557.8277     598.8652     41.0375     660.2643     102.4366     61.5038     61.3991
19.5766     557.8051     598.8652     41.0601     660.1388     102.3337     61.4846     61.2736
19.6015     557.7938     598.8314     41.0376     660.0418     102.2480     61.4411     61.2104
19.6293     557.8164     598.8652     41.0488     660.0810     102.2646     61.4540     61.2158
19.6582     557.8164     598.8652     41.0488     660.0501     102.2337     61.4438     61.1849
19.6873     557.8277     598.8652     41.0375     659.9749     102.1472     61.4074     61.1097
19.7173     557.8164     598.8652     41.0488     659.9256     102.1092     61.4023     61.0604
19.7456     557.8277     598.8314     41.0037     659.8085     101.9807     61.3294     60.9771
19.7723     557.7712     598.8314     41.0602     659.5498     101.7786     61.2997     60.7184
19.7995     557.7146     598.8652     41.1506     659.3954     101.6808     61.3273     60.5302
19.8256     557.7825     598.8990     41.1165     659.3742     101.5917     61.2749     60.4752
19.8521     557.7599     598.8652     41.1053     659.2675     101.5076     61.2394     60.4023
19.8801     557.7938     598.8990     41.1052     659.2714     101.4776     61.2293     60.3724
19.9092     557.8390     598.8652     41.0262     659.1716     101.3326     61.1283     60.3064
19.9379     557.8277     598.8652     41.0375     659.0707     101.2430     61.1060     60.2055
19.9697     557.8051     598.8990     41.0939     659.0718     101.2667     61.1515     60.1728
20.0006     557.8277     598.8990     41.0713     659.0133     101.1856     61.1094     60.1143
20.0282     557.8277     598.8314     41.0037     658.8811     101.0533     61.0202     60.0497
20.0555     557.7825     598.8652     41.0827     658.8240     101.0415     61.0690     59.9588
20.0818     557.8504     598.8990     41.0486     658.8380     100.9877     61.0283     59.9390
20.1077     557.8617     598.8990     41.0373     658.8010     100.9393     61.0047     59.9020
20.1335     557.8843     598.8652     40.9809     658.7215     100.8373     60.9330     59.8563
20.1614     557.8617     598.8652     41.0035     658.7094     100.8477     60.9516     59.8442
20.1891     557.8956     598.8990     41.0034     658.7312     100.8356     60.9475     59.8322
20.2185     557.9069     598.8990     40.9921     658.7092     100.8023     60.9288     59.8102
20.2460     557.9182     598.8990     40.9808     658.6622     100.7440     60.9019     59.7632
20.2758     557.8843     598.8652     40.9809     658.5447     100.6605     60.8741     59.6795
20.3043     557.8730     598.8990     41.0260     658.5484     100.6754     60.9092     59.6494
20.3308     557.9069     598.8990     40.9921     658.4672     100.5603     60.8482     59.5682
20.3571     557.9069     598.8990     40.9921     658.4826     100.5757     60.8533     59.5836
20.3833     557.9069     598.8990     40.9921     658.4192     100.5123     60.8322     59.5202
20.4104     557.9861     598.9328     40.9467     658.5115     100.5255     60.8063     59.5787
20.4395     557.9634     598.9328     40.9693     658.4460     100.4825     60.8071     59.5132
20.4683     557.9634     598.9328     40.9693     658.4157     100.4523     60.7970     59.4829
20.4966     557.9861     598.8990     40.9129     658.3607     100.3747     60.7335     59.4617
20.5274     557.9748     598.9328     40.9580     658.3540     100.3793     60.7651     59.4212
20.5571     557.9634     598.9328     40.9693     658.3405     100.3771     60.7719     59.4077
20.5860     557.9408     598.8990     40.9582     658.2152     100.2744     60.7302     59.3162
20.6118     557.9748     598.8652     40.8905     658.1535     100.1787     60.6532     59.2883
20.6387     557.9748     598.8990     40.9242     658.1671     100.1924     60.6803     59.2681
20.6672     557.9634     598.8990     40.9356     658.1196     100.1562     60.6758     59.2206
20.6948     557.9748     598.9328     40.9580     658.1329     100.1581     60.6914     59.2001
20.7243     557.9748     598.9328     40.9580     658.0585     100.0837     60.6666     59.1257
20.7524     557.9974     598.9328     40.9354     658.0113     100.0140     60.6283     59.0786
20.7820     558.0200     598.8990     40.8790     658.0165      99.9966     60.5849     59.1176
20.8109     557.9974     598.8652     40.8678     657.8479      99.8505     60.5287     58.9827
20.8394     557.9748     598.8990     40.9242     657.8343      99.8595     60.5693     58.9353
20.8674     557.9861     598.8652     40.8791     657.7710      99.7849     60.5144     58.9058
20.8953     558.0313     598.9328     40.9015     657.8178      99.7865     60.5298     58.8850
20.9236     558.0200     598.8990     40.8790     657.7368      99.7168     60.4916     58.8378
20.9510     558.0313     598.9328     40.9015     657.7416      99.7103     60.5044     58.8088
20.9787     558.0313     598.9328     40.9015     657.7122      99.6809     60.4946     58.7795
21.0086     558.0200     598.8990     40.8790     657.6214      99.6014     60.4531     58.7224
21.0380     558.0313     598.9328     40.9015     657.6595      99.6282     60.4770     58.7267
21.0663     558.0426     598.9328     40.8902     657.6471      99.6045     60.4616     58.7143
21.0951     558.0539     598.8990     40.8451     657.5745      99.5206     60.4036     58.6755
21.1232     558.0539     598.9328     40.8789     657.5353      99.4814     60.4131     58.6025
21.1515     558.0426     598.8652     40.8226     657.4293      99.3867     60.3440     58.5641
21.1793     558.0200     598.8990     40.8790     657.4512      99.4312     60.3964     58.5522
21.2050     558.0200     598.8990     40.8790     657.3801      99.3601     60.3727     58.4811
21.2329     558.0878     598.9328     40.8449     657.4191      99.3313     60.3404     58.4864
