eps1         u           sigma3       sigma3'      sigma1       sigma1'      p           q
[%]         [kPa]        [kPa]        [kPa]        [kPa]        [kPa]        [kPa]       [kPa] 

0.0000      501.1810     699.7681     198.5872     702.3588     201.1778     199.4507      2.5907
0.0179      501.2262     699.7343     198.5081     702.3691     201.1429     199.3864      2.6347
0.0361      505.4558     699.7681     194.3124     707.5761     202.1204     196.9150      7.8080
0.0560      512.8292     699.7681     186.9389     715.8843     203.0551     192.3110     16.1162
0.0855      517.1266     699.7343     182.6077     719.6602     202.5336     189.2496     19.9259
0.1123      520.8586     699.7343     178.8757     722.9569     202.0983     186.6166     23.2226
0.1393      524.1608     699.7343     175.5735     725.7404     201.5796     184.2422     26.0061
0.1655      527.1012     699.7005     172.5994     728.1556     201.0544     182.0844     28.4550
0.1894      529.6909     699.7005     170.0096     730.2373     200.5464     180.1885     30.5368
0.2124      532.0885     699.6667     167.5783     732.1068     200.0184     178.3917     32.4401
0.2392      534.3389     699.7343     165.3954     733.9312     199.5923     176.7943     34.1969
0.2615      536.4311     699.7005     163.2694     735.4995     199.0684     175.2024     35.7989
0.2866      538.5007     699.7005     161.1999     737.0997     198.5991     173.6663     37.3992
0.3107      540.6154     699.7005     159.0851     738.6996     198.0841     172.0848     38.9990
0.3391      542.5493     699.7005     157.1513     740.1305     197.5812     170.6279     40.4300
0.3647      544.3700     699.7005     155.3305     741.4287     197.0587     169.2399     41.7282
0.3923      546.0890     699.7005     153.6115     742.6256     196.5366     167.9199     42.9251
0.4197      547.7062     699.6667     151.9606     743.6773     195.9711     166.6307     44.0105
0.4459      549.1650     699.6667     150.5017     744.6851     195.5201     165.5078     45.0184
0.4679      550.6465     699.6667     149.0202     745.6722     195.0257     164.3554     46.0055
0.4902      552.0149     699.6667     147.6518     746.6477     194.6328     163.3121     46.9809
0.5196      553.3607     699.6667     146.3061     747.5971     194.2364     162.2828     47.9303
0.5475      554.7743     699.6667     144.8924     748.6242     193.8499     161.2116     48.9575
0.5757      556.1653     699.5992     143.4338     749.5608     193.3955     160.0877     49.9617
0.6019      557.4885     699.6329     142.1445     750.4665     192.9781     159.0890     50.8336
0.6307      558.7777     699.5992     140.8215     751.3581     192.5804     158.0745     51.7590
0.6626      560.0217     699.5654     139.5437     752.1590     192.1374     157.0749     52.5937
0.6888      561.2204     699.5992     138.3787     753.0633     191.8428     156.2001     53.4641
0.7121      562.3853     699.5654     137.1801     753.8568     191.4716     155.2773     54.2915
0.7368      563.4935     699.5654     136.0718     754.7382     191.2447     154.4628     55.1729
0.7624      564.5905     699.5992     135.0086     755.5531     190.9626     153.6600     55.9540
0.7887      565.7327     699.5992     133.8664     756.4769     190.7441     152.8257     56.8777
0.8176      567.0898     699.5992     132.5094     757.8292     190.7394     151.9194     58.2300
0.8448      568.4582     699.5654     131.1072     758.9934     190.5352     150.9165     59.4281
0.8736      569.7587     699.5654     129.8066     760.1898     190.4311     150.0148     60.6244
0.8992      570.9688     699.5654     128.5966     761.1669     190.1981     149.1304     61.6015
0.9237      572.1223     699.5316     127.4093     762.1214     189.9991     148.2725     62.5898
0.9515      573.2080     699.5316     126.3236     762.9306     189.7227     147.4566     63.3991
0.9797      574.2258     699.4978     125.2720     763.7164     189.4906     146.6782     64.2186
1.0043      575.1418     699.5316     124.3898     764.4174     189.2756     146.0184     64.8859
1.0290      576.0918     699.4978     123.4060     765.0725     188.9807     145.2642     65.5747
1.0605      577.0757     699.4978     122.4221     765.8995     188.8239     144.5560     66.4017
1.0898      577.9691     699.4978     121.5287     766.5735     188.6044     143.8873     67.0757
1.1159      578.9303     699.4978     120.5675     767.2821     188.3518     143.1622     67.7843
1.1427      579.7220     699.4978     119.7758     767.8689     188.1470     142.5662     68.3712
1.1730      580.6154     699.4640     118.8486     768.5072     187.8918     141.8630     69.0432
1.1990      581.3618     699.4640     118.1022     768.9839     187.6221     141.2755     69.5199
1.2241      582.0855     699.4640     117.3784     769.5159     187.4304     140.7291     70.0519
1.2476      582.8206     699.4978     116.6772     770.0606     187.2400     140.1981     70.5629
1.2729      583.5444     699.4640     115.9196     770.4923     186.9479     139.5957     71.0283
1.2977      584.2569     699.4978     115.2409     771.0685     186.8117     139.0978     71.5708
1.3255      584.9580     699.4640     114.5060     771.5747     186.6167     138.5429     72.1107
1.3580      585.6479     699.4640     113.8161     772.0560     186.4081     138.0134     72.5920
1.3900      586.3264     699.4640     113.1376     772.5373     186.2109     137.4954     73.0733
1.4182      586.9823     699.4640     112.4817     773.0212     186.0388     137.0007     73.5572
1.4501      587.6269     699.4302     111.8032     773.4352     185.8082     136.4716     74.0050
1.4786      588.2037     699.3964     111.1927     773.7419     185.5382     135.9745     74.3455
1.5041      588.7352     699.3964     110.6612     774.0625     185.3273     135.5499     74.6661
1.5295      589.2781     699.4302     110.1521     774.5264     185.2484     135.1842     75.0962
1.5571      589.8435     699.3626     109.5191     774.7994     184.9559     134.6647     75.4368
1.5793      590.3524     699.3964     109.0440     775.2105     184.8581     134.3153     75.8141
1.6086      590.9405     699.3964     108.4559     775.6808     184.7403     133.8840     76.2844
1.6395      591.4833     699.3964     107.9131     775.9414     184.4581     133.4281     76.5450
1.6735      592.0148     699.3626     107.3478     776.3846     184.3698     133.0218     77.0220
1.7069      592.5577     699.3626     106.8049     776.7304     184.1728     132.5942     77.3678
1.7403      593.0213     699.3626     106.3413     777.0870     184.0656     132.2494     77.7243
1.7660      593.4172     699.3288     105.9117     777.3061     183.8890     131.9041     77.9773
1.7907      593.9148     699.3288     105.4141     777.6144     183.6997     131.5093     78.2856
1.8167      594.3671     699.3288     104.9617     777.8997     183.5326     131.1520     78.5709
1.8410      594.8421     699.3288     104.4867     778.2408     183.3987     130.7907     78.9120
1.8734      595.3058     699.3964     104.0906     778.6647     183.3589     130.5134     79.2683
1.8993      595.7129     699.3288     103.6159     778.8709     183.1580     130.1300     79.5421
1.9275      596.1313     699.3288     103.1975     779.1864     183.0551     129.8167     79.8576
1.9574      596.5611     699.3288     102.7678     779.4895     182.9284     129.4880     80.1607
1.9834      596.9908     699.3288     102.3380     779.7737     182.7829     129.1530     80.4449
2.0100      597.3753     699.2950     101.9197     780.0017     182.6264     128.8219     80.7067
2.0365      597.8277     699.2950     101.4674     780.2742     182.4465     128.4604     80.9792
2.0582      598.1896     699.2612     101.0717     780.4732     182.2837     128.1424     81.2120
2.0839      598.5062     699.2950     100.7888     780.7363     182.2301     127.9359     81.4413
2.1138      598.8907     699.2612     100.3705     781.0046     182.1138     127.6183     81.7433
2.1431      599.2526     699.2612     100.0086     781.2960     182.0434     127.3536     82.0348
2.1707      599.6258     699.2274      99.6016     781.4786     181.8528     127.0187     82.2512
2.1971      599.9651     699.2274      99.2624     781.7395     181.7744     126.7664     82.5120
2.2292      600.3270     699.2274      98.9005     782.0606     181.7336     126.5115     82.8331
2.2547      600.6549     699.2274      98.5725     782.2674     181.6125     126.2525     83.0400
2.2826      600.9490     699.1937      98.2447     782.3840     181.4350     125.9748     83.1903
2.3104      601.2769     699.2274      97.9505     782.6551     181.3782     125.7597     83.4276
2.3394      601.6388     699.1937      97.5549     782.8682     181.2294     125.4464     83.6746
2.3656      601.9328     699.1937      97.2608     783.0957     181.1629     125.2282     83.9021
2.3944      602.2721     699.1937      96.9215     783.3425     181.0704     124.9712     84.1489
2.4202      602.5888     699.1937      96.6049     783.5701     180.9814     124.7304     84.3765
2.4474      602.8941     699.1937      96.2996     783.8181     180.9240     124.5077     84.6244
2.4750      603.1881     699.1599      95.9717     784.0208     180.8327     124.2587     84.8610
2.5018      603.4595     699.1599      95.7003     784.2146     180.7550     124.0519     85.0547
2.5298      603.7423     699.1261      95.3838     784.3299     180.5876     123.7851     85.2039
2.5570      604.0024     699.1261      95.1237     784.5014     180.4990     123.5821     85.3753
2.5815      604.2286     699.1261      94.8975     784.7510     180.5224     123.4391     85.6249
2.6093      604.4887     699.1599      94.6712     784.9879     180.4993     123.2806     85.8281
2.6345      604.7827     699.1261      94.3434     785.1596     180.3769     123.0212     86.0335
2.6629      605.0767     699.0923      94.0155     785.3715     180.2948     122.7753     86.2792
2.6907      605.3029     699.1261      93.8232     785.5648     180.2619     122.6361     86.4387
2.7188      605.5856     699.0923      93.5066     785.7443     180.1587     122.3906     86.6520
2.7453      605.8457     699.0923      93.2465     785.9155     180.0697     122.1876     86.8232
2.7736      606.1059     699.0923      92.9864     786.1392     180.0333     122.0021     87.0469
2.8003      606.3207     699.1261      92.8053     786.3004     179.9797     121.8635     87.1744
2.8259      606.5582     699.0923      92.5341     786.4709     179.9127     121.6603     87.3786
2.8508      606.8070     699.0585      92.2515     786.6201     179.8131     121.4387     87.5616
2.8784      607.0332     699.0923      92.0591     786.8236     179.7904     121.3029     87.7313
2.9036      607.2594     699.0585      91.7991     787.0049     179.7455     121.1146     87.9464
2.9306      607.5082     699.0247      91.5165     787.1627     179.6545     120.8959     88.1380
2.9596      607.6891     699.0585      91.3694     787.3429     179.6538     120.7975     88.2844
2.9885      607.9153     699.0247      91.1094     787.5096     179.5943     120.6044     88.4850
3.0136      608.1528     699.0585      90.9057     787.7148     179.5620     120.4578     88.6563
3.0406      608.3337     699.0247      90.6910     787.8830     179.5493     120.3104     88.8583
3.0711      608.5486     699.0247      90.4761     788.0061     179.4575     120.1366     88.9814
3.0997      608.7974     699.0247      90.2273     788.1631     179.3657     119.9401     89.1384
3.1228      609.0010     698.9909      89.9899     788.3130     179.3120     119.7640     89.3221
3.1471      609.1819     699.0247      89.8428     788.4645     179.2826     119.6561     89.4398
3.1756      609.3742     699.0247      89.6505     788.6538     179.2796     119.5269     89.6291
3.2089      609.5438     699.0247      89.4809     788.8383     179.2946     119.4188     89.8137
3.2355      609.7700     698.9909      89.2209     788.9522     179.1822     119.2080     89.9613
3.2633      609.9509     698.9909      89.0400     789.1632     179.2123     119.0974     90.1723
3.2860      610.1319     698.9909      88.8590     789.3036     179.1717     118.9633     90.3127
3.3153      610.2676     698.9571      88.6895     789.3608     179.0933     118.8241     90.4037
3.3416      610.4824     698.9571      88.4747     789.4868     179.0044     118.6512     90.5297
3.3690      610.6408     698.9909      88.3501     789.6885     179.0478     118.5827     90.6976
3.3997      610.7991     698.9571      88.1580     789.7872     178.9881     118.4347     90.8301
3.4261      610.9913     698.9571      87.9658     789.9451     178.9538     118.2951     90.9880
3.4477      611.1723     698.8895      87.7172     790.0399     178.8676     118.1007     91.1503
3.4782      611.2628     698.8895      87.6268     790.2044     178.9417     118.0651     91.3149
3.5116      611.4437     698.9233      87.4796     790.3677     178.9240     117.9611     91.4444
3.5398      611.6360     698.8895      87.2536     790.5327     178.8967     117.8013     91.6431
3.5652      611.7490     698.9233      87.1743     790.6927     178.9436     117.7640     91.7693
3.5883      611.8961     698.9233      87.0273     790.7995     178.9034     117.6526     91.8761
3.6243      612.0883     698.9571      86.8688     790.9920     178.9037     117.5471     92.0349
3.6534      612.2353     698.9571      86.7218     791.1573     178.9219     117.4552     92.2002
3.6777      612.3597     698.9233      86.5636     791.2289     178.8691     117.3321     92.3055
3.7051      612.5181     698.8895      86.3715     791.3403     178.8222     117.1884     92.4508
3.7304      612.6877     698.8895      86.2018     791.4767     178.7890     117.0642     92.5872
3.7597      612.8008     698.8557      86.0549     791.5647     178.7639     116.9579     92.7090
3.7873      612.9817     698.8895      85.9078     791.7861     178.8044     116.8733     92.8966
3.8133      613.1853     698.9233      85.7380     791.9768     178.7915     116.7559     93.0535
3.8411      613.3097     698.9233      85.6136     792.0355     178.7258     116.6510     93.1122
3.8662      613.4567     698.9233      85.4666     792.1717     178.7150     116.5494     93.2484
3.8938      613.5811     698.8895      85.3084     792.2823     178.7012     116.4393     93.3927
3.9227      613.7394     698.8557      85.1163     792.4022     178.6628     116.2985     93.5465
3.9490      613.8186     698.8557      85.0371     792.4942     178.6756     116.2499     93.6384
3.9727      613.9995     698.8557      84.8562     792.6634     178.6639     116.1254     93.8077
4.0001      614.1239     698.8557      84.7318     792.8397     178.7158     116.0598     93.9840
4.0280      614.2370     698.8557      84.6187     792.9513     178.7143     115.9839     94.0956
4.0591      614.3727     698.8219      84.4492     793.0365     178.6638     115.8541     94.2146
4.0885      614.4858     698.8219      84.3361     793.1571     178.6712     115.7812     94.3351
4.1188      614.5989     698.8219      84.2230     793.2447     178.6457     115.6973     94.4227
4.1448      614.7233     698.8895      84.1662     793.4254     178.7021     115.6782     94.5358
4.1720      614.8138     698.8219      84.0082     793.4483     178.6345     115.5503     94.6263
4.1994      614.9495     698.8557      83.9062     793.5830     178.6335     115.4820     94.7272
4.2256      615.0626     698.8557      83.7931     793.7277     178.6651     115.4171     94.8719
4.2486      615.2322     698.8219      83.5897     793.8735     178.6413     115.2736     95.0516
4.2746      615.3001     698.8557      83.5557     794.0094     178.7093     115.2735     95.1536
4.3010      615.4245     698.8219      83.3975     794.1198     178.6953     115.1634     95.2979
4.3278      615.5376     698.8219      83.2844     794.2635     178.7259     115.0982     95.4416
4.3560      615.6733     698.7881      83.1149     794.3612     178.6880     114.9726     95.5731
4.3852      615.7411     698.7881      83.0470     794.4278     178.6867     114.9269     95.6396
4.4110      615.8655     698.7544      82.8888     794.5172     178.6517     114.8098     95.7628
4.4407      615.9673     698.7544      82.7871     794.5832     178.6159     114.7300     95.8288
4.4677      616.1030     698.7544      82.6513     794.7369     178.6339     114.6455     95.9825
4.4955      616.2161     698.7881      82.5720     794.9022     178.6861     114.6101     96.1140
4.5188      616.3066     698.7544      82.4478     795.0044     178.6978     114.5311     96.2500
4.5437      616.4084     698.7206      82.3122     795.1154     178.7071     114.4438     96.3949
4.5680      616.5554     698.7881      82.2328     795.2965     178.7412     114.4022     96.5084
4.5969      616.6572     698.7881      82.1310     795.4054     178.7483     114.3368     96.6173
4.6288      616.7024     698.7206      82.0182     795.4010     178.6986     114.2450     96.6805
4.6515      616.7702     698.7206      81.9503     795.5372     178.7670     114.2225     96.8167
4.6760      616.9060     698.7544      81.8484     795.6204     178.7145     114.1371     96.8660
4.7030      616.9625     698.7206      81.7581     795.7077     178.7452     114.0871     96.9871
4.7324      617.0530     698.7544      81.7014     795.8599     178.8070     114.0699     97.1056
4.7557      617.2113     698.7206      81.5093     796.0356     178.8243     113.9476     97.3151
4.7806      617.3470     698.7544      81.4074     796.1499     178.8029     113.8725     97.3956
4.8095      617.4035     698.7206      81.3170     796.2244     178.8208     113.8183     97.5038
4.8379      617.5053     698.6868      81.1814     796.3415     178.8362     113.7330     97.6547
4.8684      617.5732     698.6868      81.1136     796.4161     178.8429     113.6900     97.7293
4.8938      617.6523     698.6530      81.0006     796.5045     178.8521     113.6178     97.8515
4.9199      617.7089     698.6530      80.9441     796.5305     178.8216     113.5699     97.8775
4.9463      617.7994     698.6530      80.8536     796.6832     178.8838     113.5304     98.0302
4.9737      617.8785     698.6868      80.8082     796.7945     178.9160     113.5108     98.1077
4.9976      618.0029     698.6530      80.6501     796.8840     178.8811     113.3937     98.2311
5.0283      618.0708     698.6192      80.5484     796.9559     178.8852     113.3273     98.3367
5.0537      618.1273     698.6192      80.4919     797.0776     178.9503     113.3113     98.4585
5.0800      618.2065     698.6530      80.4465     797.2531     179.0466     113.3132     98.6001
5.1089      618.2970     698.6192      80.3222     797.3055     179.0086     113.2177     98.6864
5.1340      618.4100     698.6530      80.2429     797.4821     179.0721     113.1860     98.8292
5.1626      618.4327     698.6530      80.2203     797.5367     179.1041     113.1816     98.8838
5.1882      618.4892     698.6192      80.1300     797.6241     179.1348     113.1316     99.0049
5.2137      618.5684     698.6530      80.0846     797.7156     179.1472     113.1055     99.0626
5.2364      618.6136     698.5854      79.9718     797.7298     179.1162     113.0199     99.1444
5.2686      618.7380     698.6192      79.8812     797.8986     179.1606     112.9743     99.2795
5.2925      618.8059     698.5854      79.7795     797.9768     179.1710     112.9100     99.3914
5.3192      618.8963     698.6192      79.7229     798.1406     179.2443     112.8967     99.5214
5.3452      618.9755     698.6192      79.6437     798.2292     179.2537     112.8470     99.6100
5.3765      619.0434     698.5854      79.5420     798.3204     179.2771     112.7871     99.7350
5.4068      619.1112     698.5854      79.4742     798.3411     179.2299     112.7261     99.7557
5.4369      619.1904     698.6192      79.4288     798.5116     179.3212     112.7263     99.8924
5.4620      619.2469     698.6192      79.3723     798.5482     179.3013     112.6819     99.9290
5.4868      619.3261     698.5854      79.2593     798.6040     179.2779     112.5988     100.0186
5.5137      619.3826     698.5854      79.2028     798.7332     179.3505     112.5854     100.1478
5.5430      619.4844     698.5516      79.0672     798.8681     179.3837     112.5060     100.3165
5.5694      619.5296     698.5178      78.9882     798.9009     179.3713     112.4492     100.3831
5.5953      619.5862     698.5854      78.9992     799.0565     179.4703     112.4896     100.4711
5.6252      619.6427     698.5516      78.9089     799.1380     179.4952     112.4377     100.5863
5.6524      619.6880     698.5178      78.8298     799.1802     179.4922     112.3840     100.6624
5.6792      619.7106     698.5516      78.8410     799.2904     179.5798     112.4206     100.7388
5.7091      619.7897     698.5516      78.7619     799.3529     179.5632     112.3623     100.8013
5.7355      619.8350     698.5516      78.7166     799.4296     179.5947     112.3426     100.8780
5.7626      619.9368     698.5516      78.6148     799.5264     179.5896     112.2731     100.9748
5.7886      620.0272     698.5178      78.4906     799.6221     179.5949     112.1920     101.1043
5.8129      620.0951     698.5516      78.4565     799.7556     179.6605     112.1912     101.2040
5.8444      620.1403     698.5516      78.4113     799.8580     179.7176     112.1801     101.3064
5.8702      620.1743     698.4840      78.3098     799.9093     179.7351     112.1182     101.4253
5.8945      620.2195     698.5178      78.2983     800.0636     179.8441     112.1469     101.5458
5.9178      620.2421     698.4840      78.2419     800.1303     179.8882     112.1240     101.6463
5.9456      620.3439     698.4502      78.1063     800.1293     179.7854     111.9994     101.6791
5.9741      620.3213     698.4840      78.1628     800.2475     179.9262     112.0839     101.7634
5.9996      620.4004     698.4502      78.0498     800.2593     179.8588     111.9861     101.8090
6.0262      620.4570     698.4502      77.9933     800.3769     179.9199     111.9688     101.9267
6.0561      620.5248     698.4164      77.8916     800.4466     179.9218     111.9017     102.0302
6.0800      620.5814     698.4502      77.8689     800.5799     179.9985     111.9121     102.1297
6.1041      620.6153     698.4164      77.8011     800.6453     180.0300     111.8774     102.2289
6.1319      620.6605     698.4502      77.7897     800.7742     180.1137     111.8977     102.3240
6.1589      620.7397     698.4502      77.7105     800.8701     180.1304     111.8505     102.4199
6.1865      620.8189     698.4502      77.6314     800.9444     180.1255     111.7961     102.4942
6.2131      620.8415     698.4502      77.6087     801.0406     180.1991     111.8055     102.5904
6.2384      620.8641     698.3826      77.5185     801.0079     180.1438     111.7270     102.6253
6.2668      620.9320     698.3826      77.4507     801.1124     180.1805     111.6940     102.7298
6.2930      621.0111     698.4164      77.4053     801.2114     180.2003     111.6703     102.7950
6.3188      621.0564     698.4164      77.3601     801.2979     180.2415     111.6539     102.8814
6.3445      621.1016     698.4164      77.3148     801.4155     180.3139     111.6479     102.9991
6.3754      621.1242     698.4502      77.3260     801.5195     180.3953     111.6825     103.0693
6.4067      621.2373     698.4164      77.1791     801.6284     180.3911     111.5831     103.2119
6.4344      621.2599     698.3826      77.1227     801.6370     180.3771     111.5409     103.2544
6.4591      621.2825     698.3826      77.1001     801.7138     180.4313     111.5438     103.3312
6.4840      621.3165     698.3826      77.0662     801.7800     180.4635     111.5320     103.3973
6.5112      621.3843     698.3826      76.9983     801.8644     180.4801     111.4922     103.4817
6.5378      621.3956     698.3826      76.9870     801.9390     180.5434     111.5058     103.5563
6.5658      621.4748     698.3489      76.8741     802.0405     180.5657     111.4380     103.6917
6.5920      621.5200     698.3489      76.8288     802.1259     180.6058     111.4212     103.7770
6.6167      621.5426     698.3489      76.8062     802.2127     180.6701     111.4275     103.8639
6.6418      621.5653     698.3489      76.7836     802.3406     180.7754     111.4475     103.9918
6.6742      621.5766     698.3489      76.7723     802.4189     180.8423     111.4623     104.0700
6.7032      621.6444     698.3489      76.7044     802.5215     180.8770     111.4286     104.1726
6.7296      621.6444     698.3489      76.7044     802.5335     180.8891     111.4327     104.1847
6.7570      621.6897     698.3489      76.6592     802.6275     180.9378     111.4187     104.2786
6.7828      621.7236     698.3489      76.6253     802.6817     180.9581     111.4029     104.3328
6.8085      621.7688     698.3151      76.5462     802.7435     180.9747     111.3557     104.4285
6.8326      621.8367     698.2813      76.4446     802.8797     181.0431     111.3107     104.5985
6.8611      621.8593     698.2813      76.4220     802.9411     181.0818     111.3086     104.6598
6.8864      621.8932     698.2813      76.3880     803.0266     181.1334     111.3032     104.7454
6.9167      621.9158     698.3151      76.3992     803.1300     181.2141     111.3375     104.8149
6.9435      621.9498     698.3151      76.3653     803.2034     181.2536     111.3281     104.8883
6.9699      621.9724     698.3151      76.3427     803.2772     181.3048     111.3301     104.9621
6.9999      622.0176     698.3826      76.3650     803.4247     181.4071     111.3790     105.0421
7.0261      622.0176     698.3489      76.3312     803.4234     181.4058     111.3561     105.0746
7.0490      622.0742     698.3151      76.2409     803.4776     181.4034     111.2951     105.1625
7.0780      622.1307     698.3151      76.1844     803.5585     181.4278     111.2655     105.2434
7.1098      622.1533     698.2813      76.1279     803.6542     181.5009     111.2523     105.3729
7.1374      622.2099     698.3151      76.1052     803.7497     181.5398     111.2501     105.4346
7.1640      622.2551     698.2813      76.0262     803.8097     181.5546     111.2023     105.5285
7.1928      622.3117     698.2813      75.9696     803.9112     181.5996     111.1796     105.6300
7.2188      622.2890     698.2475      75.9584     803.9305     181.6415     111.1861     105.6830
7.2462      622.3343     698.2475      75.9132     804.0128     181.6786     111.1683     105.7654
7.2699      622.3230     698.2475      75.9245     804.0581     181.7351     111.1947     105.8106
7.2934      622.3795     698.2475      75.8680     804.1551     181.7756     111.1705     105.9076
7.3203      622.3569     698.2813      75.9244     804.2406     181.8837     111.2441     105.9593
7.3471      622.4134     698.2813      75.8678     804.3749     181.9615     111.2324     106.0937
7.3729      622.4700     698.2475      75.7775     804.4457     181.9757     111.1769     106.1982
7.4040      622.4813     698.2137      75.7324     804.4690     181.9877     111.1508     106.2553
7.4279      622.5039     698.2475      75.7436     804.5990     182.0951     111.1941     106.3515
7.4520      622.5491     698.2137      75.6645     804.6096     182.0605     111.1299     106.3959
7.4794      622.5605     698.2137      75.6532     804.6914     182.1309     111.1458     106.4777
7.5076      622.6057     698.2137      75.6080     804.7310     182.1253     111.1138     106.5173
7.5369      622.6283     698.1799      75.5516     804.7458     182.1175     111.0736     106.5659
7.5653      622.6622     698.1799      75.5177     804.8159     182.1537     111.0630     106.6360
7.5911      622.7075     698.2137      75.5062     804.9537     182.2462     111.0862     106.7400
7.6199      622.7414     698.2137      75.4723     805.0746     182.3332     111.0926     106.8609
7.6461      622.7866     698.1799      75.3933     805.1134     182.3267     111.0377     106.9335
7.6702      622.7979     698.1799      75.3820     805.2088     182.4108     111.0582     107.0289
7.6993      622.8092     698.1799      75.3706     805.2573     182.4480     111.0631     107.0774
7.7279      622.8432     698.1461      75.3029     805.3032     182.4601     111.0220     107.1571
7.7617      622.8771     698.1799      75.3028     805.4210     182.5439     111.0498     107.2411
7.7850      622.8884     698.1799      75.2915     805.5376     182.6492     111.0774     107.3577
7.8126      622.8545     698.1799      75.3254     805.5260     182.6715     111.1074     107.3461
7.8410      622.9336     698.1799      75.2462     805.5954     182.6618     111.0514     107.4156
7.8655      622.9902     698.1461      75.1559     805.6766     182.6865     110.9994     107.5305
7.8899      622.9902     698.1123      75.1221     805.7375     182.7473     110.9972     107.6252
7.9243      623.0128     698.1123      75.0995     805.8203     182.8075     111.0022     107.7080
7.9510      623.0241     698.1461      75.1220     805.8740     182.8498     111.0313     107.7279
7.9743      623.0807     698.1799      75.0992     806.0546     182.9740     111.0575     107.8747
7.9978      623.0920     698.1461      75.0541     806.0752     182.9833     111.0305     107.9291
8.0211      623.1146     698.1461      75.0315     806.1401     183.0255     111.0295     107.9940
8.0456      623.1146     698.1461      75.0315     806.2034     183.0888     111.0506     108.0573
8.0689      623.1485     698.1461      74.9976     806.2681     183.1196     111.0383     108.1220
8.0973      623.1598     698.1123      74.9525     806.2929     183.1331     111.0127     108.1806
8.1266      623.1938     698.1123      74.9186     806.4323     183.2386     111.0252     108.3200
8.1513      623.2277     698.1123      74.8846     806.4952     183.2675     111.0123     108.3829
8.1775      623.2616     698.1123      74.8507     806.5767     183.3151     111.0055     108.4644
8.2049      623.3182     698.1123      74.7942     806.6772     183.3590     110.9824     108.5649
8.2342      623.3521     698.1123      74.7602     806.7345     183.3824     110.9676     108.6222
8.2599      623.2955     698.1123      74.8168     806.7551     183.4595     111.0310     108.6428
8.2885      623.3182     698.1123      74.7942     806.8028     183.4847     111.0243     108.6905
8.3141      623.3521     698.1123      74.7602     806.8950     183.5429     111.0211     108.7827
8.3376      623.3634     698.1123      74.7489     806.9079     183.5446     111.0141     108.7956
8.3671      623.4312     698.1123      74.6811     807.0158     183.5845     110.9822     108.9035
8.3942      623.4765     698.0785      74.6020     807.0720     183.5955     110.9332     108.9935
8.4198      623.4652     698.1123      74.6471     807.1875     183.7223     111.0055     109.0752
8.4507      623.4878     698.0447      74.5569     807.2054     183.7176     110.9438     109.1607
8.4752      623.4991     698.0785      74.5794     807.2915     183.7924     110.9837     109.2129
8.4973      623.5104     698.1123      74.6019     807.4008     183.8904     111.0314     109.2885
8.5197      623.5330     698.0785      74.5455     807.4624     183.9293     111.0068     109.3838
8.5486      623.5217     698.1123      74.5906     807.5329     184.0112     111.0641     109.4206
8.5758      623.5443     698.0785      74.5342     807.5276     183.9833     111.0172     109.4491
8.6026      623.5670     698.0447      74.4778     807.5635     183.9965     110.9840     109.5188
8.6304      623.5896     698.0447      74.4552     807.6217     184.0321     110.9808     109.5770
8.6559      623.5896     698.0447      74.4552     807.7639     184.1743     111.0282     109.7192
8.6831      623.6122     698.0109      74.3987     807.7991     184.1869     110.9948     109.7881
8.7093      623.6235     698.0109      74.3874     807.8184     184.1949     110.9899     109.8075
8.7373      623.6348     698.0447      74.4099     807.9607     184.3259     111.0486     109.9160
8.7655      623.6461     698.0447      74.3986     807.9978     184.3517     111.0496     109.9531
8.7909      623.6914     698.0447      74.3534     808.0180     184.3267     111.0111     109.9733
8.8154      623.6687     698.0785      74.4098     808.1237     184.4550     111.0915     110.0452
8.8407      623.6574     698.0447      74.3873     808.1811     184.5237     111.0994     110.1364
8.8682      623.7140     698.0447      74.3308     808.2494     184.5355     111.0657     110.2047
8.8949      623.7479     698.0109      74.2630     808.3354     184.5875     111.0378     110.3244
8.9228      623.7592     698.0109      74.2517     808.4132     184.6540     111.0525     110.4022
8.9477      623.7705     697.9771      74.2066     808.4404     184.6699     111.0277     110.4632
8.9753      623.7931     698.0447      74.2516     808.5859     184.7928     111.0987     110.5412
9.0037      623.7931     698.0109      74.2178     808.5682     184.7751     111.0702     110.5573
9.0303      623.8157     698.0447      74.2290     808.6811     184.8654     111.1078     110.6364
9.0608      623.8157     698.0447      74.2290     808.7250     184.9092     111.1224     110.6803
9.0859      623.8271     698.0109      74.1839     808.7416     184.9145     111.0941     110.7306
9.1119      623.8497     698.0109      74.1613     808.8010     184.9513     111.0913     110.7901
9.1399      623.8836     697.9771      74.0935     808.8443     184.9607     111.0492     110.8671
9.1700      623.9175     698.0109      74.0934     808.9627     185.0452     111.0773     110.9517
9.1958      623.9062     698.0109      74.1047     809.0525     185.1463     111.1186     111.0416
9.2199      623.9288     698.0109      74.0821     809.1443     185.2154     111.1265     111.1333
9.2452      623.9288     697.9771      74.0483     809.1704     185.2415     111.1127     111.1932
9.2745      623.9854     697.9771      73.9918     809.2658     185.2804     111.0880     111.2887
9.2996      623.9401     697.9771      74.0370     809.2753     185.3352     111.1364     111.2982
9.3250      623.9741     697.9771      74.0031     809.3553     185.3812     111.1291     111.3781
9.3524      623.9515     697.9771      74.0257     809.3922     185.4408     111.1640     111.4151
9.3769      623.9515     697.9433      73.9919     809.4191     185.4676     111.1505     111.4757
9.4041      623.9967     697.9433      73.9467     809.4865     185.4898     111.1277     111.5431
9.4304      623.9854     697.9433      73.9580     809.5548     185.5694     111.1618     111.6114
9.4558      623.9854     697.9096      73.9242     809.6006     185.6152     111.1545     111.6911
9.4824      624.0306     697.9096      73.8789     809.6484     185.6178     111.1252     111.7389
9.5131      624.0532     697.8758      73.8225     809.6775     185.6242     111.0898     111.8017
9.5396      624.0193     697.8758      73.8565     809.7252     185.7059     111.1396     111.8494
9.5648      624.0419     697.9096      73.8676     809.8487     185.8067     111.1807     111.9391
9.5897      624.0193     697.9433      73.9240     809.9120     185.8927     111.2469     111.9686
9.6149      624.0193     697.9096      73.8902     809.9175     185.8982     111.2262     112.0079
9.6425      624.0532     697.9096      73.8563     809.9838     185.9306     111.2144     112.0743
9.6686      624.0532     697.8420      73.7887     809.9843     185.9311     111.1695     112.1424
9.6905      624.0532     697.8758      73.8225     810.1217     186.0684     111.2378     112.2459
9.7177      624.0985     697.8420      73.7435     810.1345     186.0360     111.1743     112.2925
9.7447      624.0985     697.8082      73.7097     810.1776     186.0791     111.1662     112.3694
9.7717      624.0985     697.8420      73.7435     810.2883     186.1898     111.2256     112.4463
9.7951      624.0985     697.8420      73.7435     810.3393     186.2409     111.2426     112.4974
9.8176      624.1098     697.8758      73.7660     810.4154     186.3056     111.2792     112.5396
9.8452      624.1098     697.8082      73.6984     810.3836     186.2738     111.2235     112.5754
9.8712      624.0759     697.8420      73.7661     810.4451     186.3693     111.3005     112.6032
9.8980      624.1211     697.8420      73.7209     810.5320     186.4109     111.2842     112.6900
9.9247      624.0985     697.8082      73.7097     810.5850     186.4866     111.3020     112.7769
9.9503      624.1324     697.8082      73.6758     810.6633     186.5309     111.2942     112.8551
9.9738      624.1550     697.8082      73.6532     810.7441     186.5891     111.2985     112.9359
10.0024     624.1211     697.8082      73.6871     810.7983     186.6772     111.3505     112.9901
10.0377     624.1437     697.8082      73.6645     810.8742     186.7305     111.3532     113.0661
10.0638     624.1324     697.7744      73.6420     810.8576     186.7252     111.3364     113.0832
10.0941     624.1437     697.8420      73.6983     810.9571     186.8134     111.4033     113.1152
10.1217     624.1437     697.7744      73.6307     810.9048     186.7611     111.3408     113.1305
10.1481     624.1437     697.7744      73.6307     810.9717     186.8279     111.3631     113.1973
10.1734     624.1663     697.8082      73.6419     811.0735     186.9072     111.3970     113.2653
10.1988     624.1889     697.8082      73.6192     811.1515     186.9625     111.4003     113.3433
10.2270     624.1663     697.7744      73.6081     811.1920     187.0257     111.4139     113.4176
10.2534     624.1776     697.7744      73.5968     811.2386     187.0609     111.4181     113.4642
10.2804     624.2003     697.7744      73.5741     811.3542     187.1540     111.4341     113.5799
10.3072     624.1550     697.7744      73.6194     811.3703     187.2152     111.4847     113.5959
10.3321     624.1324     697.7406      73.6082     811.3747     187.2423     111.4862     113.6342
10.3597     624.1324     697.7744      73.6420     811.4234     187.2910     111.5250     113.6490
10.3951     624.1550     697.7744      73.6194     811.4683     187.3132     111.5173     113.6939
10.4193     624.1098     697.7744      73.6646     811.5274     187.4176     111.5823     113.7530
10.4415     624.1663     697.7406      73.5743     811.5850     187.4187     111.5224     113.8444
10.4683     624.1437     697.7406      73.5969     811.6606     187.5168     111.5702     113.9200
10.4936     624.1550     697.7406      73.5856     811.7279     187.5729     111.5814     113.9873
10.5202     624.1437     697.7068      73.5631     811.7798     187.6361     111.5874     114.0730
10.5456     624.1324     697.7068      73.5744     811.7873     187.6549     111.6012     114.0805
10.5730     624.1324     697.7068      73.5744     811.8619     187.7295     111.6261     114.1551
10.5969     624.1437     697.7068      73.5631     811.8712     187.7274     111.6179     114.1643
10.6239     624.1550     697.7068      73.5518     811.9262     187.7712     111.6249     114.2194
10.6494     624.1324     697.7068      73.5744     811.9333     187.8009     111.6499     114.2265
10.6719     624.1663     697.6730      73.5067     811.9802     187.8139     111.6091     114.3072
10.7026     624.1437     697.7068      73.5631     812.0741     187.9304     111.6855     114.3673
10.7314     624.1324     697.7068      73.5744     812.1465     188.0141     111.7210     114.4397
10.7619     624.1324     697.7068      73.5744     812.1868     188.0544     111.7344     114.4800
10.7889     624.1098     697.6730      73.5632     812.1978     188.0881     111.7382     114.5248
10.8171     624.1098     697.6730      73.5632     812.2212     188.1114     111.7459     114.5482
10.8392     624.1211     697.6730      73.5519     812.2623     188.1412     111.7484     114.5893
10.8647     624.0985     697.6392      73.5407     812.2552     188.1567     111.7461     114.6160
10.8907     624.0985     697.6730      73.5745     812.3350     188.2365     111.7952     114.6620
10.9119     624.0985     697.6730      73.5745     812.3970     188.2985     111.8159     114.7239
10.9378     624.1098     697.7068      73.5970     812.4865     188.3767     111.8569     114.7797
10.9661     624.0985     697.7068      73.6083     812.5690     188.4705     111.8957     114.8622
10.9917     624.1098     697.7068      73.5970     812.6251     188.5153     111.9031     114.9183
11.0131     624.0872     697.7068      73.6196     812.6768     188.5896     111.9430     114.9700
11.0431     624.0985     697.7068      73.6083     812.7469     188.6485     111.9550     115.0401
11.0751     624.0872     697.6730      73.5858     812.7410     188.6538     111.9418     115.0680
11.1033     624.0759     697.6730      73.5972     812.7738     188.6980     111.9641     115.1008
11.1305     624.0532     697.6730      73.6198     812.7782     188.7250     111.9882     115.1052
11.1539     624.0306     697.6730      73.6424     812.8071     188.7765     112.0204     115.1341
11.1782     624.0419     697.6730      73.6311     812.8647     188.8227     112.0283     115.1917
11.2032     624.0645     697.6392      73.5747     812.9269     188.8623     112.0039     115.2877
11.2330     624.0872     697.6392      73.5521     813.0068     188.9196     112.0079     115.3676
11.2594     624.0419     697.6392      73.5973     813.0219     188.9799     112.0582     115.3826
11.2899     624.0419     697.6392      73.5973     813.1007     189.0587     112.0844     115.4615
11.3123     624.0080     697.6054      73.5974     813.1069     189.0989     112.0979     115.5014
11.3385     624.0306     697.6054      73.5748     813.1320     189.1014     112.0837     115.5266
11.3661     623.9741     697.6054      73.6314     813.1059     189.1318     112.1315     115.5004
11.3897     623.9854     697.6054      73.6200     813.1441     189.1587     112.1329     115.5387
11.4212     623.9628     697.6054      73.6427     813.1524     189.1896     112.1583     115.5469
11.4497     623.9967     697.5716      73.5749     813.1799     189.1832     112.1110     115.6083
11.4723     623.9854     697.5716      73.5863     813.2687     189.2833     112.1519     115.6971
11.4999     623.9741     697.5716      73.5976     813.3508     189.3767     112.1906     115.7792
11.5233     623.9628     697.5716      73.6089     813.4187     189.4559     112.2245     115.8470
11.5468     623.9288     697.5716      73.6428     813.4568     189.5279     112.2712     115.8851
11.5751     623.9062     697.5716      73.6654     813.4887     189.5825     112.3044     115.9170
11.6039     623.8836     697.5716      73.6880     813.4705     189.5869     112.3210     115.8989
11.6298     623.8610     697.5716      73.7107     813.5153     189.6543     112.3585     115.9437
11.6545     623.8836     697.5716      73.6880     813.5222     189.6386     112.3382     115.9506
11.6805     623.8610     697.5716      73.7107     813.5765     189.7156     112.3790     116.0049
11.7099     623.8610     697.5716      73.7107     813.5970     189.7360     112.3858     116.0253
11.7402     623.8723     697.5378      73.6655     813.6215     189.7492     112.3601     116.0837
11.7688     623.8723     697.5378      73.6655     813.7116     189.8393     112.3901     116.1738
11.7977     623.8157     697.5378      73.7221     813.6735     189.8578     112.4340     116.1357
11.8262     623.8044     697.5716      73.7672     813.8071     190.0027     112.5124     116.2355
11.8557     623.8044     697.5378      73.7334     813.7738     189.9694     112.4787     116.2359
11.8807     623.7705     697.5716      73.8011     813.8138     190.0433     112.5485     116.2421
11.9043     623.7931     697.5716      73.7785     813.8121     190.0190     112.5253     116.2405
11.9274     623.7705     697.5378      73.7673     813.8458     190.0753     112.5367     116.3080
11.9521     623.7592     697.5378      73.7786     813.9014     190.1422     112.5665     116.3635
11.9788     623.7705     697.5378      73.7673     813.9641     190.1935     112.5761     116.4262
12.0030     623.7592     697.5378      73.7786     814.0007     190.2415     112.5996     116.4629
12.0313     623.7366     697.5041      73.7675     814.0469     190.3104     112.6151     116.5429
12.0595     623.7366     697.5041      73.7675     814.0585     190.3220     112.6190     116.5545
12.0819     623.6800     697.5041      73.8240     814.0289     190.3488     112.6656     116.5248
12.1087     623.6687     697.5041      73.8353     814.0423     190.3735     112.6814     116.5382
12.1417     623.6461     697.5041      73.8579     814.0670     190.4208     112.7122     116.5629
12.1701     623.6461     697.5041      73.8579     814.1074     190.4613     112.7257     116.6034
12.1896     623.6348     697.4703      73.8355     814.0673     190.4325     112.7011     116.5971
12.2178     623.6687     697.5378      73.8691     814.2245     190.5558     112.7647     116.6866
12.2423     623.6800     697.5041      73.8240     814.2850     190.6050     112.7510     116.7810
12.2733     623.6574     697.4703      73.8128     814.2881     190.6307     112.7521     116.8179
12.3018     623.6235     697.4703      73.8468     814.3283     190.7048     112.7994     116.8580
12.3343     623.6009     697.5041      73.9032     814.3578     190.7569     112.8544     116.8537
12.3597     623.5443     697.4703      73.9259     814.3291     190.7848     112.8789     116.8589
12.3849     623.5556     697.4703      73.9146     814.3346     190.7790     112.8694     116.8644
12.4082     623.5330     697.4365      73.9034     814.3185     190.7855     112.8641     116.8820
12.4323     623.4991     697.4365      73.9374     814.2863     190.7872     112.8873     116.8498
12.4580     623.4878     697.4365      73.9487     814.3007     190.8129     112.9034     116.8642
12.4850     623.4991     697.4365      73.9374     814.3329     190.8338     112.9028     116.8964
12.5096     623.4991     697.4365      73.9374     814.4168     190.9177     112.9308     116.9804
12.5389     623.5330     697.4365      73.9034     814.5237     190.9906     112.9325     117.0872
12.5718     623.4991     697.4365      73.9374     814.5186     191.0195     112.9647     117.0821
12.5976     623.4991     697.4365      73.9374     814.5910     191.0919     112.9889     117.1545
12.6255     623.4765     697.4703      73.9938     814.5777     191.1012     113.0296     117.1074
12.6547     623.4539     697.4703      74.0164     814.6164     191.1625     113.0651     117.1461
12.6810     623.4199     697.4703      74.0503     814.6200     191.2000     113.1002     117.1497
12.7057     623.4539     697.4365      73.9826     814.6016     191.1478     113.0377     117.1652
12.7312     623.4426     697.4365      73.9939     814.6257     191.1831     113.0570     117.1892
12.7578     623.4426     697.4365      73.9939     814.6871     191.2445     113.0775     117.2506
12.7833     623.4086     697.4027      73.9941     814.7064     191.2978     113.0953     117.3037
12.8089     623.3747     697.4365      74.0618     814.7349     191.3602     113.1612     117.2984
12.8308     623.3634     697.4365      74.0731     814.7054     191.3420     113.1627     117.2689
12.8593     623.3182     697.4365      74.1183     814.6185     191.3004     113.1790     117.1821
12.8893     623.3182     697.4027      74.0845     814.6123     191.2941     113.1544     117.2096
12.9145     623.3182     697.4365      74.1183     814.5831     191.2650     113.1672     117.1467
12.9427     623.2616     697.4027      74.1411     814.4338     191.1722     113.1514     117.0311
12.9698     623.2390     697.4027      74.1637     814.4168     191.1778     113.1684     117.0141
12.9953     623.2616     697.4365      74.1749     814.4938     191.2322     113.1940     117.0573
13.0214     623.3408     697.3689      74.0281     814.5362     191.1954     113.0839     117.1673
13.0468     623.2842     697.3689      74.0847     814.5601     191.2759     113.1484     117.1912
13.0718     623.3068     697.4027      74.0958     814.6956     191.3888     113.1935     117.2929
13.1027     623.2729     697.4027      74.1298     814.6926     191.4197     113.2264     117.2899
13.1329     623.3068     697.4027      74.0958     814.7196     191.4128     113.2015     117.3169
13.1596     623.2729     697.4027      74.1298     814.7512     191.4783     113.2459     117.3485
13.1888     623.2729     697.3689      74.0960     814.6972     191.4243     113.2054     117.3283
13.2136     623.2503     697.4027      74.1524     814.7265     191.4762     113.2603     117.3238
13.2432     623.2503     697.3689      74.1186     814.7783     191.5280     113.2551     117.4094
13.2715     623.2955     697.4027      74.1071     814.8895     191.5940     113.2694     117.4868
13.2942     623.3068     697.3689      74.0620     814.8830     191.5761     113.2334     117.5141
13.3178     623.2729     697.4027      74.1298     815.0005     191.7276     113.3290     117.5978
13.3418     623.2729     697.4027      74.1298     814.9776     191.7047     113.3214     117.5750
13.3745     623.2729     697.3351      74.0622     814.9428     191.6699     113.2647     117.6077
13.4009     623.2390     697.3689      74.1299     814.9890     191.7500     113.3366     117.6201
13.4284     623.2277     697.3351      74.1074     814.9756     191.7479     113.3209     117.6405
13.4519     623.2051     697.3689      74.1638     815.0256     191.8205     113.3827     117.6567
13.4805     623.1938     697.3351      74.1413     814.9625     191.7688     113.3505     117.6274
13.5048     623.2164     697.3013      74.0849     815.0016     191.7852     113.3184     117.7003
13.5388     623.3182     697.3351      74.0169     815.2008     191.8827     113.3055     117.8658
13.5720     623.2616     697.3689      74.1073     815.2663     192.0047     113.4064     117.8975
13.6003     623.1938     697.3351      74.1413     815.1939     192.0002     113.4276     117.8588
13.6230     623.1824     697.3351      74.1526     815.2399     192.0575     113.4542     117.9048
13.6520     623.1711     697.3351      74.1640     815.2195     192.0484     113.4588     117.8845
13.6769     623.1598     697.3351      74.1753     815.2432     192.0833     113.4780     117.9081
13.7022     623.1938     697.3351      74.1413     815.2855     192.0918     113.4581     117.9504
13.7231     623.2164     697.3351      74.1187     815.3145     192.0981     113.4452     117.9794
13.7476     623.1485     697.3351      74.1866     815.3482     192.1997     113.5243     118.0131
13.7727     623.1938     697.3351      74.1413     815.4675     192.2738     113.5188     118.1324
13.7983     623.1938     697.3689      74.1751     815.6100     192.4163     113.5889     118.2412
13.8299     623.1824     697.3351      74.1526     815.5905     192.4081     113.5711     118.2554
13.8609     623.1598     697.3351      74.1753     815.6246     192.4648     113.6051     118.2895
13.8918     623.1146     697.3013      74.1867     815.5772     192.4626     113.6120     118.2759
13.9156     623.1033     697.3013      74.1980     815.6020     192.4987     113.6316     118.3007
13.9414     623.0694     697.2675      74.1982     815.5710     192.5017     113.6327     118.3035
13.9690     623.0807     697.2675      74.1868     815.6385     192.5578     113.6438     118.3710
13.9959     623.0241     697.2675      74.2434     815.5536     192.5294     113.6721     118.2861
14.0231     623.0694     697.3013      74.2319     815.7030     192.6337     113.6992     118.4017
14.0481     623.0694     697.2337      74.1644     815.6967     192.6274     113.6520     118.4630
14.0780     623.0580     697.2675      74.2095     815.7753     192.7173     113.7121     118.5078
14.1133     623.0128     697.2337      74.2209     815.7694     192.7566     113.7328     118.5357
14.1432     623.0354     697.2675      74.2321     815.8289     192.7934     113.7525     118.5614
14.1695     623.0807     697.2337      74.1531     815.9116     192.8309     113.7123     118.6778
14.1989     622.9563     697.2337      74.2775     815.8232     192.8669     113.8073     118.5894
14.2265     622.9902     697.2675      74.2773     815.8951     192.9049     113.8198     118.6276
14.2535     622.9789     697.2675      74.2886     815.8483     192.8695     113.8156     118.5808
14.2800     622.9563     697.2337      74.2775     815.8446     192.8883     113.8144     118.6109
14.3077     623.0128     697.2675      74.2547     815.9831     192.9703     113.8266     118.7156
14.3392     622.9789     697.2337      74.2548     815.9915     193.0126     113.8407     118.7577
14.3672     622.9676     697.2675      74.2999     816.1199     193.1524     113.9174     118.8524
14.3948     622.9563     697.2675      74.3112     816.1103     193.1540     113.9255     118.8428
14.4206     622.9676     697.2675      74.2999     816.1697     193.2021     113.9340     118.9022
14.4492     622.8545     697.2337      74.3792     816.0009     193.1464     113.9683     118.7672
14.4762     622.8319     697.2337      74.4018     816.0490     193.2172     114.0070     118.8153
14.5005     622.8658     697.2337      74.3679     816.1104     193.2447     113.9935     118.8767
14.5306     622.8432     697.2337      74.3905     816.0591     193.2159     113.9990     118.8254
14.5584     622.9223     697.2337      74.3114     816.1632     193.2409     113.9545     118.9295
14.5865     622.8658     697.2337      74.3679     816.2381     193.3723     114.0361     119.0044
14.6162     622.8658     697.2337      74.3679     816.2537     193.3879     114.0413     119.0200
14.6389     622.8092     697.2337      74.4245     816.2602     193.4509     114.1000     119.0265
14.6659     622.8432     697.1999      74.3567     816.3027     193.4595     114.0577     119.1028
14.6978     622.7753     697.1999      74.4246     816.3055     193.5302     114.1265     119.1056
14.7206     622.7640     697.1999      74.4359     816.2833     193.5193     114.1304     119.0834
14.7454     622.7301     697.1661      74.4360     816.2527     193.5226     114.1316     119.0866
14.7714     622.7640     697.1999      74.4359     816.3641     193.6001     114.1573     119.1642
14.7966     622.7753     697.1661      74.3908     816.3329     193.5576     114.1131     119.1668
14.8239     622.7753     697.1661      74.3908     816.4086     193.6333     114.1383     119.2424
14.8497     622.7301     697.1323      74.4023     816.4334     193.7034     114.1693     119.3011
14.8782     622.6962     697.1661      74.4700     816.4084     193.7122     114.2174     119.2422
14.9079     622.6962     697.1323      74.4362     816.4371     193.7410     114.2044     119.3048
14.9355     622.6962     697.1323      74.4362     816.4743     193.7781     114.2168     119.3419
14.9675     622.6509     697.1323      74.4814     816.5050     193.8541     114.2723     119.3727
14.9951     622.6283     697.1661      74.5378     816.4527     193.8244     114.3000     119.2866
15.0214     622.6283     697.1323      74.5040     816.4483     193.8200     114.2760     119.3160
15.0466     622.6283     697.1323      74.5040     816.4412     193.8129     114.2737     119.3089
15.0763     622.6622     697.1323      74.4701     816.5319     193.8697     114.2700     119.3995
15.1005     622.6170     697.1323      74.5153     816.5923     193.9753     114.3353     119.4600
15.1283     622.5718     697.1661      74.5944     816.6153     194.0435     114.4108     119.4492
15.1515     622.5718     697.0985      74.5268     816.6096     194.0378     114.3638     119.5110
15.1787     622.6057     697.0985      74.4929     816.6090     194.0033     114.3297     119.5104
15.2057     622.5378     697.1323      74.5945     816.6803     194.1425     114.4438     119.5480
15.2314     622.4926     697.1323      74.6397     816.6063     194.1137     114.4644     119.4739
15.2559     622.4700     697.1999      74.7299     816.7147     194.2448     114.5682     119.5148
15.2861     622.4926     697.1323      74.6397     816.6235     194.1309     114.4701     119.4912
15.3164     622.4700     697.1661      74.6962     816.6899     194.2199     114.5374     119.5238
15.3461     622.4247     697.1661      74.7414     816.7328     194.3081     114.5970     119.5667
15.3747     622.4813     697.1323      74.6511     816.7057     194.2244     114.5088     119.5734
15.4012     622.4587     697.0985      74.6399     816.7004     194.2417     114.5071     119.6018
15.4280     622.4134     697.0985      74.6851     816.7096     194.2962     114.5555     119.6111
15.4626     622.4474     697.1323      74.6850     816.7603     194.3129     114.5610     119.6280
15.4902     622.4247     697.0648      74.6400     816.6913     194.2665     114.5155     119.6265
15.5168     622.3908     697.0985      74.7077     816.6780     194.2872     114.5676     119.5795
15.5428     622.3456     697.0985      74.7530     816.6507     194.3051     114.6037     119.5521
15.5646     622.3682     697.0985      74.7304     816.6762     194.3080     114.5896     119.5776
15.5908     622.3230     697.0648      74.7418     816.6429     194.3199     114.6012     119.5781
15.6188     622.2890     697.0648      74.7757     816.6877     194.3987     114.6500     119.6230
15.6443     622.2777     697.0648      74.7870     816.6797     194.4020     114.6587     119.6149
15.6684     622.2551     697.0310      74.7759     816.6305     194.3754     114.6424     119.5995
15.6952     622.2551     697.0310      74.7759     816.6582     194.4031     114.6516     119.6272
15.7212     622.2438     697.0985      74.8547     816.7452     194.5014     114.7370     119.6467
15.7504     622.1646     697.0310      74.8663     816.6548     194.4902     114.7410     119.6239
15.7752     622.1081     697.0648      74.9567     816.6066     194.4986     114.8040     119.5419
15.8048     622.1420     697.0310      74.8889     816.5401     194.3981     114.7253     119.5091
15.8327     622.1307     697.0310      74.9003     816.5006     194.3699     114.7235     119.4697
15.8582     622.0968     697.0310      74.9342     816.5299     194.4331     114.7672     119.4990
15.8829     622.1194     697.0310      74.9116     816.5510     194.4316     114.7516     119.5200
15.9052     622.0968     697.0310      74.9342     816.5474     194.4507     114.7730     119.5165
15.9373     622.0629     697.0310      74.9681     816.5485     194.4857     114.8073     119.5176
15.9680     622.0515     697.0310      74.9794     816.4768     194.4253     114.7947     119.4459
15.9928     622.0289     697.0310      75.0020     816.4697     194.4408     114.8150     119.4388
16.0197     621.9498     696.9972      75.0474     816.3508     194.4011     114.8320     119.3537
16.0441     621.9611     696.9972      75.0361     816.3069     194.3459     114.8060     119.3098
16.0746     621.9271     697.0310      75.1038     816.2600     194.3329     114.8468     119.2291
16.0974     621.8480     696.9972      75.1492     816.1657     194.3177     114.8720     119.1686
16.1246     621.8593     696.9972      75.1379     816.1738     194.3145     114.8634     119.1766
16.1555     621.8254     696.9972      75.1718     816.1205     194.2952     114.8796     119.1234
16.1815     621.7914     696.9972      75.2057     816.0836     194.2922     114.9012     119.0865
16.2072     621.7914     696.9972      75.2057     816.0284     194.2370     114.8828     119.0312
16.2334     621.7575     696.9634      75.2059     815.9481     194.1906     114.8674     118.9847
16.2625     621.7236     696.9634      75.2398     815.8509     194.1273     114.8690     118.8875
16.2915     621.6444     697.0310      75.3865     815.8120     194.1676     114.9802     118.7811
16.3183     621.6105     696.9634      75.3529     815.6785     194.0680     114.9246     118.7151
16.3474     621.5766     696.9972      75.4206     815.6245     194.0480     114.9631     118.6274
16.3756     621.5766     696.9972      75.4206     815.5659     193.9893     114.9435     118.5687
16.4098     621.5879     696.9972      75.4093     815.5174     193.9295     114.9160     118.5202
16.4341     621.5313     696.9972      75.4658     815.4736     193.9423     114.9580     118.4764
16.4599     621.5313     696.9972      75.4658     815.4278     193.8965     114.9427     118.4306
16.4862     621.5539     696.9634      75.4094     815.3287     193.7748     114.8645     118.3654
16.5151     621.4522     697.0310      75.5788     815.2439     193.7918     114.9831     118.2130
16.5435     621.3730     696.9634      75.5904     815.0432     193.6702     114.9503     118.0798
16.5666     621.3391     696.9972      75.6581     814.9793     193.6402     114.9855     117.9822
16.5923     621.3278     696.9634      75.6356     814.8720     193.5442     114.9385     117.9086
16.6218     621.2486     696.9972      75.7486     814.7713     193.5227     115.0066     117.7741
16.6467     621.2599     696.9634      75.7035     814.7116     193.4517     114.9529     117.7482
16.6743     621.2599     696.9972      75.7373     814.7156     193.4557     114.9767     117.7185
16.7090     621.2147     696.9634      75.7487     814.5681     193.3534     114.9503     117.6047
16.7345     621.2034     697.0310      75.8276     814.5996     193.3962     115.0171     117.5686
16.7609     621.1921     696.9972      75.8051     814.4822     193.2902     114.9668     117.4850
16.7868     621.1355     696.9972      75.8617     814.3900     193.2545     114.9926     117.3928
16.8159     621.1129     697.0310      75.9181     814.2902     193.1773     115.0045     117.2593
16.8489     621.0677     696.9972      75.9295     814.1544     193.0868     114.9819     117.1573
16.8752     621.0564     696.9972      75.9408     814.0988     193.0424     114.9747     117.1016
16.8950     620.9998     696.9634      75.9636     813.9354     192.9355     114.9542     116.9720
16.9278     620.9885     696.9296      75.9411     813.8277     192.8392     114.9071     116.8981
16.9560     620.9885     696.9634      75.9749     813.7478     192.7593     114.9030     116.7845
16.9795     620.8980     696.9634      76.0654     813.6224     192.7244     114.9517     116.6590
17.0143     620.8867     696.9634      76.0767     813.4903     192.6036     114.9190     116.5270
17.0506     620.8076     696.9634      76.1558     813.3102     192.5026     114.9381     116.3468
17.0765     620.7284     696.9634      76.2350     813.0430     192.3146     114.9282     116.0796
17.0980     620.6832     696.9634      76.2802     812.8838     192.2007     114.9204     115.9204
17.1248     620.6153     696.9634      76.3481     812.6988     192.0835     114.9265     115.7354
17.1530     620.5361     696.9634      76.4272     812.5026     191.9665     114.9403     115.5392
17.1752     620.5361     696.9634      76.4272     812.3517     191.8156     114.8900     115.3883
17.2000     620.5474     696.9296      76.3821     812.2098     191.6623     114.8089     115.2802
17.2319     620.5701     696.9972      76.4271     812.1776     191.6075     114.8206     115.1804
17.2643     620.5701     696.9972      76.4271     812.0865     191.5165     114.7902     115.0894
17.2900     620.5701     696.9634      76.3933     811.9341     191.3640     114.7169     114.9707
17.3203     620.4909     696.9972      76.5063     811.8153     191.3244     114.7790     114.8182
17.3442     620.4570     696.9634      76.5064     811.6839     191.2270     114.7466     114.7206
17.3708     620.4457     696.9972      76.5515     811.6165     191.1708     114.7579     114.6193
17.4023     620.4344     696.9296      76.4952     811.4500     191.0156     114.6687     114.5204
17.4291     620.4570     696.9296      76.4726     811.3393     190.8824     114.6092     114.4097
17.4485     620.4683     696.9634      76.4951     811.3371     190.8688     114.6197     114.3737
17.4759     620.4909     696.9634      76.4725     811.3359     190.8450     114.5966     114.3725
17.5115     620.5022     696.9296      76.4274     811.2435     190.7413     114.5320     114.3139
17.5344     620.5135     696.9296      76.4161     811.2118     190.6983     114.5101     114.2822
17.5575     620.4457     696.9296      76.4839     811.1339     190.6883     114.5520     114.2044
17.5849     620.5248     696.9296      76.4048     811.1327     190.6078     114.4725     114.2031
17.6110     620.4457     696.8958      76.4501     810.9893     190.5436     114.4813     114.0935
17.6407     620.4117     696.8958      76.4841     810.9207     190.5089     114.4923     114.0249
17.6675     620.4117     696.8958      76.4841     810.8286     190.4169     114.4617     113.9328
17.6932     620.3891     696.8958      76.5067     810.7563     190.3672     114.4602     113.8605
17.7182     620.4683     696.9296      76.4613     810.7739     190.3056     114.4094     113.8443
17.7450     620.4570     696.8958      76.4388     810.6756     190.2186     114.3654     113.7798
17.7691     620.4457     696.8958      76.4501     810.6606     190.2149     114.3717     113.7648
17.7989     620.4230     696.8958      76.4727     810.5735     190.1504     114.3653     113.6777
17.8274     620.3778     696.8958      76.5180     810.4793     190.1015     114.3791     113.5835
17.8519     620.3891     696.8620      76.4729     810.3385     189.9493     114.2984     113.4765
17.8801     620.3552     696.8620      76.5068     810.2903     189.9351     114.3163     113.4283
17.9063     620.3891     696.8620      76.4729     810.2359     189.8468     114.2642     113.3739
17.9318     620.3891     696.8282      76.4391     810.1486     189.7594     114.2125     113.3204
17.9557     620.3891     696.8620      76.4729     810.1676     189.7785     114.2414     113.3056
17.9815     620.4230     696.8958      76.4727     810.1567     189.7337     114.2264     113.2609
18.0040     620.4570     696.8620      76.4050     810.1375     189.6806     114.1635     113.2755
18.0332     620.4117     696.8958      76.4841     810.0762     189.6644     114.2108     113.1804
18.0616     620.4117     696.8620      76.4503     810.0214     189.6096     114.1700     113.1594
18.0890     620.3665     696.8620      76.4955     809.9379     189.5714     114.1875     113.0759
18.1156     620.3213     696.8282      76.5069     809.7854     189.4641     114.1593     112.9572
18.1399     620.3439     696.8620      76.5181     809.7037     189.3598     114.1320     112.8417
18.1661     620.3326     696.8282      76.4956     809.6520     189.3194     114.1036     112.8238
18.1908     620.3778     696.8282      76.4504     809.5724     189.1946     114.0318     112.7442
18.2160     620.3665     696.8958      76.5293     809.6418     189.2753     114.1113     112.7460
18.2421     620.3891     696.8620      76.4729     809.5992     189.2101     114.0519     112.7372
18.2695     620.3778     696.8282      76.4504     809.5185     189.1407     114.0138     112.6903
18.2986     620.3778     696.8282      76.4504     809.5330     189.1552     114.0187     112.7048
18.3320     620.3552     696.8282      76.4730     809.4415     189.0863     114.0108     112.6133
18.3596     620.3891     696.7944      76.4053     809.3969     189.0078     113.9395     112.6025
18.3744     620.3326     696.7606      76.4281     809.2791     188.9465     113.9342     112.5184
18.4076     620.3100     696.8282      76.5183     809.3100     189.0000     114.0122     112.4818
18.4406     620.3213     696.7944      76.4732     809.2126     188.8913     113.9459     112.4182
18.4686     620.3213     696.7944      76.4732     809.1377     188.8164     113.9209     112.3433
18.4937     620.3552     696.7944      76.4392     809.1756     188.8204     113.8996     112.3812
18.5182     620.3439     696.7944      76.4505     809.1055     188.7617     113.8876     112.3111
18.5423     620.3891     696.7944      76.4053     809.0995     188.7104     113.8403     112.3051
18.5749     620.3439     696.8282      76.4843     809.0522     188.7083     113.8923     112.2240
18.5992     620.3439     696.8282      76.4843     809.0096     188.6657     113.8781     112.1814
18.6239     620.3100     696.8282      76.5183     808.9484     188.6384     113.8916     112.1201
18.6559     620.2760     696.8282      76.5522     808.8953     188.6193     113.9079     112.0671
18.6804     620.2760     696.8282      76.5522     808.8525     188.5764     113.8936     112.0243
18.7045     620.2308     696.8282      76.5974     808.7831     188.5523     113.9157     111.9549
18.7309     620.2647     696.7944      76.5297     808.7220     188.4573     113.8389     111.9276
18.7548     620.2534     696.7944      76.5410     808.7072     188.4537     113.8453     111.9127
18.7805     620.2647     696.7944      76.5297     808.7078     188.4431     113.8342     111.9134
18.8018     620.2760     696.7944      76.5184     808.6515     188.3755     113.8041     111.8571
18.8275     620.2421     696.7944      76.5523     808.5889     188.3468     113.8171     111.7945
18.8553     620.2421     696.7944      76.5523     808.5325     188.2904     113.7984     111.7381
18.8848     620.2195     696.7606      76.5411     808.3950     188.1755     113.7526     111.6343
18.9110     620.1969     696.7944      76.5976     808.3747     188.1778     113.7910     111.5803
18.9355     620.1403     696.7606      76.6203     808.2711     188.1308     113.7905     111.5104
18.9631     620.1743     696.7606      76.5864     808.2602     188.0859     113.7529     111.4995
18.9891     620.1969     696.7944      76.5976     808.2492     188.0523     113.7491     111.4548
19.0165     620.1743     696.7944      76.6202     808.2295     188.0553     113.7652     111.4351
19.0420     620.1290     696.7606      76.6316     808.1426     188.0135     113.7589     111.3819
19.0719     620.1064     696.7606      76.6542     808.1015     187.9951     113.7678     111.3408
19.1032     620.1516     696.7606      76.6090     808.0674     187.9157     113.7112     111.3067
19.1287     620.1177     696.7268      76.6091     807.9804     187.8627     113.6937     111.2536
19.1553     620.0725     696.7606      76.6882     807.9147     187.8422     113.7395     111.1540
19.1792     620.1177     696.7944      76.6767     807.8886     187.7709     113.7081     111.0942
19.2083     620.0951     696.7606      76.6655     807.7789     187.6838     113.6716     111.0183
19.2342     620.0838     696.7268      76.6431     807.6645     187.5807     113.6223     110.9377
19.2598     620.1177     696.7268      76.6091     807.6923     187.5746     113.5976     110.9655
19.2855     620.0838     696.7268      76.6431     807.6300     187.5462     113.6108     110.9031
19.3115     620.1177     696.6930      76.5753     807.5785     187.4608     113.5371     110.8854
19.3348     620.0612     696.7268      76.6657     807.5443     187.4832     113.6048     110.8175
19.3628     620.0499     696.7268      76.6770     807.5058     187.4560     113.6033     110.7790
19.3906     620.0159     696.7268      76.7109     807.3959     187.3799     113.6006     110.6690
19.4187     620.0272     696.7268      76.6996     807.3394     187.3122     113.5705     110.6126
19.4510     619.9820     696.7268      76.7448     807.3040     187.3220     113.6039     110.5772
19.4788     619.9820     696.6930      76.7110     807.1783     187.1963     113.5394     110.4852
19.5037     620.0159     696.7606      76.7447     807.2116     187.1957     113.5617     110.4510
19.5326     619.9933     696.7268      76.7335     807.1203     187.1270     113.5314     110.3935
19.5567     620.0159     696.7268      76.7109     807.1141     187.0982     113.5067     110.3873
19.5810     619.9933     696.7268      76.7335     807.0181     187.0248     113.4973     110.2913
19.6066     619.9594     696.7268      76.7675     806.9741     187.0147     113.5166     110.2473
19.6373     619.9481     696.6930      76.7450     806.8893     186.9412     113.4771     110.1962
19.6622     619.9481     696.6930      76.7450     806.7925     186.8444     113.4448     110.0995
19.6921     619.9028     696.6593      76.7564     806.6820     186.7792     113.4307     110.0228
19.7207     619.8915     696.6930      76.8015     806.6498     186.7582     113.4538     109.9567
19.7434     619.9141     696.6930      76.7789     806.6098     186.6956     113.4178     109.9167
19.7683     619.9255     696.6593      76.7338     806.5508     186.6253     113.3643     109.8915
19.7959     619.9594     696.6930      76.7337     806.5378     186.5784     113.3486     109.8448
19.8200     619.9141     696.7268      76.8127     806.5029     186.5888     113.4047     109.7761
19.8497     619.8915     696.7268      76.8353     806.4534     186.5618     113.4108     109.7265
19.8781     619.8576     696.7268      76.8692     806.4055     186.5479     113.4288     109.6787
19.9074     619.8350     696.7268      76.8919     806.3476     186.5127     113.4321     109.6208
19.9336     619.7784     696.6930      76.9146     806.1978     186.4194     113.4162     109.5048
19.9599     619.8011     696.6930      76.8920     806.1261     186.3251     113.3697     109.4331
19.9840     619.7897     696.6593      76.8695     806.0416     186.2518     113.3303     109.3823
20.0123     619.7784     696.7268      76.9484     806.0527     186.2743     113.3904     109.3259
20.0353     619.7784     696.6930      76.9146     806.0408     186.2624     113.3639     109.3478
20.0607     619.7332     696.7268      76.9936     805.9955     186.2623     113.4165     109.2686
20.0891     619.7558     696.7268      76.9710     805.9299     186.1741     113.3720     109.2031
20.1159     619.7106     696.6930      76.9825     805.8062     186.0956     113.3535     109.1131
20.1386     619.7445     696.7268      76.9823     805.8179     186.0734     113.3460     109.0911
20.1621     619.7106     696.6593      76.9487     805.6738     185.9632     113.2868     109.0145
20.1921     619.6993     696.6593      76.9600     805.5972     185.8979     113.2726     108.9379
20.2187     619.6653     696.6593      76.9939     805.5165     185.8512     113.2797     108.8573
20.2461     619.6540     696.6255      76.9714     805.3654     185.7114     113.2181     108.7400
20.2766     619.6427     696.6593      77.0165     805.3488     185.7060     113.2464     108.6895
20.3032     619.6201     696.6593      77.0391     805.2859     185.6658     113.2480     108.6267
20.3304     619.6314     696.6255      76.9940     805.2151     185.5836     113.1906     108.5896
20.3564     619.6427     696.6593      77.0165     805.1514     185.5087     113.1806     108.4922
20.3852     619.6088     696.6255      77.0167     805.0783     185.4695     113.1676     108.4529
20.4124     619.6314     696.6255      76.9940     805.0058     185.3744     113.1208     108.3804
20.4367     619.5636     696.6593      77.0957     804.9445     185.3810     113.1908     108.2853
20.4670     619.5183     696.6593      77.1409     804.8148     185.2965     113.1928     108.1555
20.4938     619.4957     696.6255      77.1297     804.7180     185.2223     113.1606     108.0926
20.5195     619.4957     696.6255      77.1297     804.6653     185.1696     113.1430     108.0399
20.5418     619.4957     696.6255      77.1297     804.6174     185.1217     113.1271     107.9919
20.5696     619.5523     696.6593      77.1070     804.6399     185.0876     113.1005     107.9806
20.6022     619.5183     696.6593      77.1409     804.5514     185.0331     113.1050     107.8922
20.6288     619.5070     696.6593      77.1522     804.5153     185.0083     113.1043     107.8561
20.6537     619.4844     696.6593      77.1748     804.4550     184.9705     113.1067     107.7957
20.6817     619.4731     696.6255      77.1524     804.3301     184.8570     113.0539     107.7047
