eps1         u           sigma3       sigma3'      sigma1       sigma1'      p           q
[%]         [kPa]        [kPa]        [kPa]        [kPa]        [kPa]        [kPa]       [kPa] 

0.0000      501.3619     800.1641     298.8023     801.4289     300.0670     299.2238      1.2648
0.0067      502.8660     800.1304     297.2644     803.2796     300.4136     298.3141      3.1492
0.0236      505.6367     800.1304     294.4937     806.1991     300.5624     296.5166      6.0687
0.0466      508.7127     800.1641     291.4514     809.3380     300.6253     294.5094      9.1739
0.0712      512.8971     800.1979     287.3009     813.8190     300.9220     291.8412     13.6211
0.0946      517.0362     800.1979     283.1618     818.1542     301.1180     289.1472     17.9562
0.1199      524.6132     800.1641     275.5509     826.1518     301.5386     284.2135     25.9877
0.1458      531.0480     800.1979     269.1499     832.5620     301.5140     279.9379     32.3640
0.1725      536.6007     800.1641     263.5634     837.5586     300.9579     276.0282     37.3945
0.1965      540.2988     800.1304     259.8316     840.2768     299.9780     273.2137     40.1464
0.2214      543.7593     800.0966     256.3372     842.8833     299.1239     270.5995     42.7867
0.2479      546.9711     800.0966     253.1255     845.3126     298.3415     268.1975     45.2160
0.2744      550.0585     800.1304     250.0719     847.6425     297.5840     265.9093     47.5121
0.3043      552.8744     800.0628     247.1884     849.6264     296.7520     263.7096     49.5636
0.3308      555.5772     800.0966     244.5193     851.6682     296.0910     261.7099     51.5717
0.3569      558.0992     800.0628     241.9636     853.4220     295.3228     259.7500     53.3592
0.3808      560.5419     800.0966     239.5547     855.2107     294.6688     257.9261     55.1142
0.4048      562.8829     800.0628     237.1799     856.8760     293.9932     256.1177     56.8133
0.4325      565.2577     800.0628     234.8050     858.5611     293.3034     254.3045     58.4983
0.4612      567.4404     800.0628     232.6224     860.0582     292.6178     252.6209     59.9955
0.4879      569.6683     800.0290     230.3607     861.5767     291.9084     250.8766     61.5477
0.5207      571.8170     800.0290     228.2120     863.0585     291.2415     249.2218     63.0295
0.5533      573.7847     800.0628     226.2780     864.4198     290.6350     247.7304     64.3570
0.5800      575.6168     800.0628     224.4460     865.6188     290.0020     246.2980     65.5560
0.6051      577.3245     800.0628     222.7383     866.7634     289.4390     244.9719     66.7007
0.6293      578.9756     800.0628     221.0872     867.8533     288.8778     243.6841     67.7906
0.6531      580.6380     800.0628     219.4248     868.9758     288.3378     242.3958     68.9130
0.6763      582.3456     800.0290     217.6833     870.1192     287.7735     241.0467     70.0902
0.7055      583.9289     800.0290     216.1001     871.1382     287.2093     239.8031     71.1092
0.7373      585.5913     800.0290     214.4377     872.2204     286.6291     238.5015     72.1914
0.7659      587.1746     799.9952     212.8206     873.2376     286.0630     237.2347     73.2424
0.7926      588.7126     799.9952     211.2826     874.2894     285.5768     236.0473     74.2942
0.8183      590.1715     800.0290     209.8575     875.2768     285.1054     234.9401     75.2479
0.8411      591.5964     799.9952     208.3988     876.2203     284.6239     233.8071     76.2251
0.8687      592.9874     799.9952     207.0078     877.2370     284.2496     232.7551     77.2419
0.8925      594.4010     799.9952     205.5941     878.2343     283.8333     231.6739     78.2391
0.9184      595.8260     799.9952     204.1692     879.2731     283.4472     230.5952     79.2780
0.9432      597.2735     799.9952     202.7217     880.3450     283.0715     229.5049     80.3498
0.9712      598.7663     799.9952     201.2289     881.4683     282.7020     228.3866     81.4731
0.9977      600.2365     799.9614     199.7249     882.6020     282.3656     227.2718     82.6407
1.0261      601.7067     799.9276     198.2209     883.8644     282.1578     226.1999     83.9368
1.0550      603.2899     799.9614     196.6715     885.2697     281.9797     225.1076     85.3083
1.0819      604.8053     799.9614     195.1561     886.5329     281.7276     224.0132     86.5715
1.1051      606.2303     799.9614     193.7311     887.7769     281.5467     223.0030     87.8156
1.1289      607.6100     799.9614     192.3514     888.8237     281.2138     221.9722     88.8623
1.1590      608.9783     799.9276     190.9493     889.9067     280.9284     220.9423     89.9791
1.1861      610.3354     799.9276     189.5922     890.9711     280.6357     219.9400     91.0435
1.2137      611.6586     799.9276     188.2690     892.0127     280.3541     218.9640     92.0851
1.2390      612.9252     799.9276     187.0024     892.9687     280.0436     218.0161     93.0411
1.2686      614.1805     799.9276     185.7471     894.0072     279.8267     217.1070     94.0796
1.3027      615.4019     799.9276     184.5258     894.8885     279.4866     216.1794     94.9609
1.3292      616.4988     799.9276     183.4288     895.6677     279.1689     215.3421     95.7401
1.3524      617.5845     799.9276     182.3431     896.4498     278.8653     214.5172     96.5222
1.3793      618.6249     799.8938     181.2689     897.1070     278.4821     213.6733     97.2132
1.4056      619.6314     799.8938     180.2624     897.8743     278.2429     212.9226     97.9805
1.4324      620.6492     799.8938     179.2446     898.5647     277.9155     212.1349     98.6709
1.4622      621.6331     799.8938     178.2607     899.3494     277.7162     211.4125     99.4555
1.4894      622.6735     799.8938     177.2203     900.0928     277.4193     210.6199     100.1990
1.5167      623.6348     799.9276     176.2928     900.8152     277.1804     209.9220     100.8876
1.5422      624.6074     799.9276     175.3202     901.4836     276.8762     209.1722     101.5559
1.5662      625.4669     799.8938     174.4269     902.0542     276.5874     208.4804     102.1604
1.5938      626.3377     799.8938     173.5562     902.6221     276.2845     207.7989     102.7283
1.6212      627.1519     799.9276     172.7757     903.2345     276.0826     207.2113     103.3069
1.6473      627.9888     799.9276     171.9388     903.8033     275.8145     206.5641     103.8757
1.6719      628.7691     799.8938     171.1247     904.2962     275.5271     205.9255     104.4024
1.7037      629.6173     799.8938     170.2765     904.8908     275.2736     205.2756     104.9970
1.7331      630.4202     799.8938     169.4736     905.4334     275.0132     204.6535     105.5396
1.7574      631.1779     799.8938     168.7159     905.9921     274.8142     204.0820     106.0983
1.7828      631.9469     799.8600     167.9131     906.4612     274.5143     203.4468     106.6012
1.8121      632.6481     799.8262     167.1781     906.9259     274.2778     202.8780     107.0997
1.8363      633.3492     799.8262     166.4770     907.3647     274.0155     202.3231     107.5385
1.8635      634.0504     799.8262     165.7758     907.8866     273.8362     201.7959     108.0603
1.8879      634.7176     799.8262     165.1086     908.3355     273.6178     201.2783     108.5092
1.9117      635.3849     799.8262     164.4414     908.7307     273.3459     200.7429     108.9045
1.9363      636.0634     799.7924     163.7290     909.1776     273.1142     200.1907     109.3851
1.9608      636.7306     799.8262     163.0956     909.6703     272.9397     199.7103     109.8441
1.9923      637.3865     799.8600     162.4735     910.1549     272.7683     199.2384     110.2948
2.0239      637.9859     799.7924     161.8065     910.4729     272.4870     198.7000     110.6805
2.0512      638.5966     799.8600     161.2634     910.9954     272.3988     198.3085     111.1354
2.0809      639.1621     799.8600     160.6980     911.3610     272.1990     197.8650     111.5010
2.1072      639.7841     799.8600     160.0760     911.7842     272.0002     197.3840     111.9242
2.1375      640.3721     799.8262     159.4541     912.1149     271.7428     196.8837     112.2887
2.1625      640.8923     799.8600     158.9677     912.5405     271.6481     196.5278     112.6804
2.1889      641.4126     799.8600     158.4475     912.8767     271.4641     196.1197     113.0167
2.2148      641.9893     799.8600     157.8707     913.2671     271.2778     195.6731     113.4070
2.2402      642.5435     799.8262     157.2828     913.6778     271.1343     195.2333     113.8516
2.2697      643.0976     799.8600     156.7624     914.0758     270.9782     194.8344     114.2158
2.2993      643.6178     799.8262     156.2084     914.3627     270.7449     194.3873     114.5365
2.3303      644.1719     799.7924     155.6205     914.7448     270.5729     193.9379     114.9524
2.3637      644.6695     799.7586     155.0891     915.0591     270.3895     193.5226     115.3004
2.3940      645.1558     799.7586     154.6028     915.3245     270.1687     193.1248     115.5659
2.4192      645.6195     799.7249     154.1054     915.6372     270.0177     192.7428     115.9124
2.4443      646.0945     799.6911     153.5966     915.9070     269.8125     192.3352     116.2159
2.4696      646.5355     799.7249     153.1893     916.1901     269.6546     192.0111     116.4653
2.4923      647.0557     799.6911     152.6353     916.5805     269.5248     191.5985     116.8895
2.5230      647.4742     799.6911     152.2169     916.8768     269.4026     191.2788     117.1857
2.5512      647.9944     799.7249     151.7305     917.3170     269.3226     190.9278     117.5922
2.5786      648.4241     799.7249     151.3007     917.5846     269.1605     190.5873     117.8598
2.6068      648.8652     799.6911     150.8259     917.8602     268.9950     190.2156     118.1692
2.6327      649.2836     799.6573     150.3737     918.1491     268.8655     189.8709     118.4919
2.6586      649.7021     799.6911     149.9890     918.4625     268.7605     189.5795     118.7715
2.6859      650.1205     799.6911     149.5706     918.7509     268.6304     189.2572     119.0599
2.7060      650.4937     799.6911     149.1974     918.9623     268.4686     188.9545     119.2712
2.7300      650.9573     799.6573     148.6999     919.2636     268.3062     188.5687     119.6063
2.7582      651.3532     799.6573     148.3041     919.5826     268.2294     188.2792     119.9253
2.7879      651.7942     799.6573     147.8631     919.9317     268.1375     187.9545     120.2744
2.8179      652.1561     799.6573     147.5012     920.1622     268.0061     187.6695     120.5050
2.8411      652.5293     799.6573     147.1280     920.4869     267.9576     187.4045     120.8296
2.8687      652.9364     799.6573     146.7208     920.7202     267.7838     187.0752     121.0630
2.8969      653.3549     799.6573     146.3024     921.0168     267.6620     186.7556     121.3596
2.9220      653.6489     799.6235     145.9746     921.2299     267.5810     186.5101     121.6064
2.9522      654.0334     799.5897     145.5563     921.4149     267.3815     186.1647     121.8252
2.9771      654.3953     799.5897     145.1944     921.6724     267.2771     185.8886     122.0827
3.0091      654.7798     799.5897     144.8099     921.9743     267.1945     185.6048     122.3846
3.0352      655.1417     799.6235     144.4818     922.3064     267.1647     185.3761     122.6829
3.0661      655.4696     799.5897     144.1200     922.5433     267.0737     185.1046     122.9536
3.0905      655.8315     799.5559     143.7244     922.7776     266.9461     184.7983     123.2217
3.1193      656.1369     799.5559     143.4190     923.0186     266.8817     184.5732     123.4627
3.1446      656.4422     799.5897     143.1475     923.3191     266.8768     184.3906     123.7294
3.1709      656.8267     799.5559     142.7292     923.5078     266.6810     184.0465     123.9519
3.1968      657.1208     799.6235     142.5027     923.7449     266.6242     183.8765     124.1214
3.2242      657.4261     799.5897     142.1636     923.9427     266.5166     183.6146     124.3530
3.2476      657.6862     799.5897     141.9035     924.1366     266.4504     183.4191     124.5469
3.2749      658.0368     799.6235     141.5867     924.4656     266.4288     183.2007     124.8421
3.3000      658.3534     799.5897     141.2362     924.6446     266.2912     182.9212     125.0549
3.3259      658.6588     799.5559     140.8971     924.8863     266.2275     182.6739     125.3304
3.3528      658.9641     799.5559     140.5918     925.1177     266.1535     182.4457     125.5618
3.3825      659.2695     799.5897     140.3202     925.4430     266.1736     182.2713     125.8534
3.4094      659.5522     799.5559     140.0037     925.5977     266.0455     182.0176     126.0418
3.4383      659.8236     799.5221     139.6985     925.7604     265.9368     181.7779     126.2383
3.4637      660.0611     799.5559     139.4948     925.9950     265.9339     181.6412     126.4391
3.4873      660.3664     799.5559     139.1895     926.1981     265.8317     181.4035     126.6422
3.5120      660.6265     799.5221     138.8956     926.4085     265.7819     181.1910     126.8864
3.5391      660.9093     799.4883     138.5790     926.6154     265.7061     180.9547     127.1271
3.5673      661.2598     799.4883     138.2285     926.8864     265.6266     180.6945     127.3981
3.5930      661.4747     799.5221     138.0474     927.0669     265.5922     180.5623     127.5448
3.6212      661.7461     799.4883     137.7422     927.3039     265.5577     180.3474     127.8156
3.6500      662.0062     799.4883     137.4821     927.4462     265.4399     180.1347     127.9579
3.6762      662.2890     799.4883     137.1993     927.6557     265.3667     179.9218     128.1674
3.7002      662.5378     799.5221     136.9843     927.8698     265.3320     179.7669     128.3477
3.7282      662.7866     799.5221     136.7355     928.0447     265.2581     179.5764     128.5226
3.7582      663.0014     799.4883     136.4869     928.2359     265.2345     179.4027     128.7476
3.7846      663.3181     799.5221     136.2040     928.5102     265.1921     179.2001     128.9881
3.8090      663.5669     799.4883     135.9214     928.7511     265.1842     179.0090     129.2628
3.8357      663.7818     799.4545     135.6728     928.9040     265.1222     178.8226     129.4495
3.8698      663.9966     799.4883     135.4917     929.1250     265.1284     178.7039     129.6367
3.8978      664.2794     799.4545     135.1752     929.2971     265.0177     178.4560     129.8426
3.9234      664.4716     799.4545     134.9829     929.4848     265.0132     178.3263     130.0302
3.9481      664.6978     799.4545     134.7567     929.6843     264.9865     178.1667     130.2298
3.9717      664.9013     799.4545     134.5532     929.8216     264.9203     178.0089     130.3671
3.9993      665.1049     799.4545     134.3496     929.9429     264.8380     177.8457     130.4884
4.0256      665.3424     799.4207     134.0783     930.1166     264.7742     177.6436     130.6959
4.0548      665.5912     799.4207     133.8295     930.3729     264.7817     177.4803     130.9522
4.0849      665.8061     799.4207     133.6147     930.5433     264.7372     177.3222     131.1226
4.1160      666.0322     799.4207     133.3885     930.7861     264.7538     177.1769     131.3654
4.1444      666.2019     799.3869     133.1851     930.9035     264.7016     177.0239     131.5166
4.1751      666.4394     799.3869     132.9476     931.1149     264.6755     176.8569     131.7279
4.2010      666.6203     799.3869     132.7666     931.2693     264.6490     176.7274     131.8824
4.2292      666.8126     799.4207     132.6082     931.4543     264.6417     176.6193     132.0336
4.2516      666.9935     799.3869     132.3934     931.5691     264.5756     176.4541     132.1822
4.2758      667.2084     799.3869     132.1785     931.7150     264.5066     176.2879     132.3281
4.3107      667.4346     799.3869     131.9524     931.9199     264.4853     176.1300     132.5330
4.3378      667.6042     799.3869     131.7827     932.1248     264.5206     176.0287     132.7378
4.3658      667.8417     799.3869     131.5452     932.3916     264.5499     175.8801     133.0047
4.3930      667.9887     799.3869     131.3982     932.5330     264.5443     175.7802     133.1461
4.4220      668.2036     799.3869     131.1834     932.6822     264.4786     175.6151     133.2952
4.4508      668.3619     799.3531     130.9912     932.8293     264.4674     175.4833     133.4762
4.4746      668.5089     799.3531     130.8442     932.9750     264.4661     175.3849     133.6219
4.5009      668.7012     799.3531     130.6520     933.1066     264.4055     175.2365     133.7535
4.5277      668.8821     799.3531     130.4710     933.2270     264.3449     175.0957     133.8739
4.5511      669.0517     799.3193     130.2676     933.3919     264.3401     174.9584     134.0725
4.5797      669.2101     799.3531     130.1431     933.5643     264.3542     174.8801     134.2111
4.6089      669.4363     799.3193     129.8831     933.7837     264.3475     174.7045     134.4644
4.6359      669.5833     799.3531     129.7699     933.9582     264.3749     174.6382     134.6051
4.6611      669.7642     799.3869     129.6227     934.1665     264.4023     174.5492     134.7795
4.6908      669.9112     799.3531     129.4419     934.2693     264.3581     174.4140     134.9162
4.7188      670.0922     799.3869     129.2948     934.4840     264.3919     174.3271     135.0971
4.7472      670.2279     799.3531     129.1253     934.5674     264.3396     174.1967     135.2143
4.7764      670.3523     799.3531     129.0009     934.7253     264.3731     174.1249     135.3722
4.8042      670.5672     799.3869     128.8198     934.9085     264.3413     173.9936     135.5216
4.8295      670.7255     799.3531     128.6277     935.0695     264.3440     173.8664     135.7163
4.8577      670.8612     799.3193     128.4582     935.2157     264.3545     173.7569     135.8963
4.8888      671.0308     799.3193     128.2885     935.3494     264.3186     173.6319     136.0301
4.9147      671.2118     799.2856     128.0738     935.4987     264.2869     173.4782     136.2131
4.9400      671.3362     799.2856     127.9494     935.6092     264.2730     173.3906     136.3236
4.9671      671.5171     799.3193     127.8022     935.8449     264.3278     173.3108     136.5256
4.9951      671.6415     799.2856     127.6440     935.9489     264.3074     173.1985     136.6634
5.0185      671.7998     799.2856     127.4857     936.1037     264.3039     173.0918     136.8181
5.0479      671.9129     799.2856     127.3726     936.2287     264.3158     173.0204     136.9432
5.0747      672.0486     799.3193     127.2707     936.3600     264.3113     172.9509     137.0406
5.0985      672.2183     799.2856     127.0673     936.5324     264.3141     172.8162     137.2468
5.1256      672.3201     799.2856     126.9655     936.6918     264.3717     172.7676     137.4062
5.1551      672.4784     799.2856     126.8072     936.8268     264.3485     172.6543     137.5413
5.1827      672.5915     799.2518     126.6603     936.8994     264.3079     172.5428     137.6476
5.2065      672.7611     799.2856     126.5245     937.1598     264.3987     172.4825     137.8742
5.2317      672.9081     799.2856     126.3774     937.2901     264.3820     172.3790     138.0046
5.2579      673.0099     799.2518     126.2419     937.3854     264.3755     172.2864     138.1336
5.2829      673.1456     799.2180     126.0724     937.5030     264.3574     172.1674     138.2850
5.3172      673.2474     799.2180     125.9706     937.6199     264.3725     172.1046     138.4020
5.3416      673.4283     799.2180     125.7896     937.7511     264.3228     171.9674     138.5332
5.3681      673.5075     799.2180     125.7105     937.8688     264.3613     171.9274     138.6508
5.3951      673.6658     799.2180     125.5522     938.0691     264.4033     171.8359     138.8511
5.4239      673.8015     799.2518     125.4502     938.2691     264.4675     171.7893     139.0173
5.4475      673.9372     799.2180     125.2807     938.3777     264.4405     171.6673     139.1598
5.4736      674.0390     799.2518     125.2127     938.5710     264.5320     171.6525     139.3193
5.5012      674.1182     799.2518     125.1336     938.6970     264.5789     171.6153     139.4453
5.5267      674.2652     799.2180     124.9528     938.7506     264.4854     171.4637     139.5326
5.5538      674.3331     799.1842     124.8511     938.8433     264.5102     171.4042     139.6591
5.5799      674.4801     799.2856     124.8055     939.0621     264.5821     171.3977     139.7766
5.6046      674.5932     799.3193     124.7262     939.2779     264.6848     171.3790     139.9586
5.6346      674.7176     799.2180     124.5004     939.3191     264.6016     171.2008     140.1012
5.6614      674.8420     799.2518     124.4098     939.4796     264.6377     171.1524     140.2278
5.6894      674.9664     799.1842     124.2178     939.6303     264.6639     171.0332     140.4461
5.7211      675.0342     799.2180     124.1838     939.7519     264.7177     171.0284     140.5339
5.7474      675.1699     799.2180     124.0481     939.9100     264.7401     170.9454     140.6921
5.7744      675.2265     799.2180     123.9915     939.9944     264.7680     170.9170     140.7765
5.7996      675.3282     799.1842     123.8559     940.0475     264.7192     170.8104     140.8633
5.8220      675.4753     799.2180     123.7427     940.2035     264.7283     170.7379     140.9856
5.8487      675.5431     799.2180     123.6749     940.2984     264.7553     170.7017     141.0804
5.8736      675.6562     799.2518     123.5956     940.5128     264.8566     170.6826     141.2610
5.9020      675.7693     799.1842     123.4149     940.5582     264.7889     170.5395     141.3740
5.9268      675.8824     799.1842     123.3018     940.7800     264.8976     170.5004     141.5958
5.9567      675.9842     799.1842     123.2000     940.9009     264.9167     170.4389     141.7167
5.9834      676.0859     799.1504     123.0644     941.0237     264.9378     170.3555     141.8733
6.0106      676.1312     799.1842     123.0530     941.1823     265.0511     170.3857     141.9981
6.0379      676.2103     799.1842     122.9738     941.2548     265.0445     170.3307     142.0707
6.0666      676.3234     799.1504     122.8270     941.3538     265.0304     170.2281     142.2034
6.0960      676.3800     799.1842     122.8042     941.4465     265.0665     170.2250     142.2623
6.1250      676.5157     799.1842     122.6685     941.5474     265.0317     170.1229     142.3632
6.1501      676.6062     799.2180     122.6118     941.7397     265.1335     170.1190     142.5217
6.1768      676.7419     799.2180     122.4761     941.9162     265.1744     170.0422     142.6983
6.2034      676.8210     799.1504     122.3294     942.0047     265.1837     169.9475     142.8543
6.2341      676.9002     799.1842     122.2840     942.1778     265.2776     169.9485     142.9936
6.2614      677.0133     799.1504     122.1371     942.2676     265.2543     169.8428     143.1172
6.2892      677.0698     799.1504     122.0806     942.3697     265.2999     169.8203     143.2193
6.3155      677.1264     799.1504     122.0240     942.4328     265.3064     169.7848     143.2824
6.3435      677.1942     799.1842     121.9900     942.5683     265.3740     169.7846     143.3841
6.3654      677.2960     799.1504     121.8544     942.6247     265.3287     169.6792     143.4744
6.3949      677.3639     799.1504     121.7865     942.7550     265.3911     169.6547     143.6046
6.4241      677.4883     799.1166     121.6283     942.8723     265.3840     169.5469     143.7557
6.4502      677.5787     799.1504     121.5717     943.0722     265.4935     169.5456     143.9218
6.4820      677.6918     799.1166     121.4248     943.2266     265.5348     169.4614     144.1100
6.5087      677.7484     799.1166     121.3682     943.3194     265.5710     169.4358     144.2028
6.5392      677.8162     799.1166     121.3004     943.4475     265.6312     169.4107     144.3309
6.5659      677.8615     799.1166     121.2551     943.4886     265.6271     169.3791     144.3720
6.5906      677.9067     799.1166     121.2099     943.5637     265.6570     169.3589     144.4471
6.6108      678.0198     799.1166     121.0968     943.7382     265.7185     169.3040     144.6216
6.6359      678.0989     799.0828     120.9839     943.7685     265.6696     169.2124     144.6857
6.6647      678.2120     799.0828     120.8708     943.9605     265.7484     169.1633     144.8777
6.6929      678.2573     799.1166     120.8593     944.0945     265.8372     169.1853     144.9779
6.7207      678.3591     799.0490     120.6900     944.1791     265.8200     169.0666     145.1300
6.7502      678.4269     799.0828     120.6559     944.3417     265.9148     169.0755     145.2589
6.7771      678.4835     799.0490     120.5656     944.4304     265.9469     169.0260     145.3814
6.8017      678.5061     799.0828     120.5767     944.5182     266.0121     169.0552     145.4354
6.8274      678.6192     799.0828     120.4636     944.6629     266.0438     168.9903     145.5801
6.8552      678.6757     799.0490     120.3733     944.7705     266.0948     168.9471     145.7215
6.8824      678.7209     799.0828     120.3619     944.8337     266.1127     168.9455     145.7509
6.9099      678.7888     799.0490     120.2602     944.9209     266.1321     168.8842     145.8719
6.9365      678.8906     799.0828     120.1922     945.1080     266.2174     168.8673     146.0252
6.9632      678.9924     799.0828     120.0904     945.2916     266.2993     168.8267     146.2088
6.9939      679.0715     799.0828     120.0113     945.3869     266.3154     168.7793     146.3041
7.0196      679.0941     799.0828     119.9887     945.4900     266.3958     168.7910     146.4071
7.0447      679.1620     799.1166     119.9546     945.6175     266.4555     168.7882     146.5009
7.0722      679.2072     799.1166     119.9094     945.7072     266.4999     168.7729     146.5906
7.1046      679.2638     799.1166     119.8528     945.8199     266.5561     168.7539     146.7033
7.1286      679.3090     799.0828     119.7738     945.8505     266.5415     168.6964     146.7677
7.1558      679.3769     799.1166     119.7397     945.9847     266.6078     168.6958     146.8681
7.1815      679.4334     799.0828     119.6494     946.0842     266.6507     168.6498     147.0014
7.2057      679.5691     799.0490     119.4799     946.2370     266.6679     168.5426     147.1880
7.2351      679.6144     799.0490     119.4347     946.3436     266.7293     168.5329     147.2946
7.2625      679.6822     799.0490     119.3668     946.5046     266.8224     168.5187     147.4556
7.2936      679.7161     799.0490     119.3329     946.5777     266.8616     168.5091     147.5287
7.3191      679.7727     799.0828     119.3101     946.7549     266.9822     168.5341     147.6721
7.3419      679.8066     799.0828     119.2762     946.7799     266.9732     168.5085     147.6971
7.3669      679.8745     799.0490     119.1745     946.8797     267.0052     168.4514     147.8307
7.3968      679.9084     799.0828     119.1744     946.9985     267.0901     168.4796     147.9157
7.4242      679.9536     799.0490     119.0954     947.0128     267.0592     168.4167     147.9638
7.4523      680.0441     799.0490     119.0049     947.1513     267.1073     168.3724     148.1023
7.4795      680.1006     799.0490     118.9484     947.2609     267.1602     168.3523     148.2118
7.5069      680.1685     799.0152     118.8467     947.4279     267.2594     168.3176     148.4127
7.5340      680.2137     799.0490     118.8353     947.5506     267.3369     168.3358     148.5016
7.5593      680.2816     799.0490     118.7674     947.6730     267.3914     168.3088     148.6240
7.5881      680.3381     799.0152     118.6771     947.7151     267.3770     168.2437     148.6999
7.6146      680.3268     799.0490     118.7222     947.8590     267.5321     168.3255     148.8099
7.6449      680.3607     799.0152     118.6545     947.8782     267.5174     168.2755     148.8629
7.6687      680.4512     799.0152     118.5640     947.9619     267.5107     168.2129     148.9467
7.6946      680.5304     799.0152     118.4848     948.0931     267.5627     168.1775     149.0779
7.7214      680.5417     799.0152     118.4735     948.1719     267.6302     168.1924     149.1567
7.7510      680.6661     798.9814     118.3153     948.3952     267.7291     168.1199     149.4138
7.7794      680.7000     798.9814     118.2814     948.4509     267.7508     168.1046     149.4694
7.8066      680.6661     798.9814     118.3153     948.4983     267.8322     168.1543     149.5169
7.8383      680.7339     798.9814     118.2475     948.6195     267.8855     168.1268     149.6381
7.8651      680.8357     798.9476     118.1119     948.6743     267.8386     168.0208     149.7267
7.8910      680.8018     798.9814     118.1796     948.7574     267.9556     168.1049     149.7759
7.9192      680.8583     798.9476     118.0893     948.8097     267.9513     168.0433     149.8620
7.9444      680.8923     798.9476     118.0554     948.9309     268.0386     168.0498     149.9832
7.9722      680.9375     798.9476     118.0101     949.0175     268.0800     168.0334     150.0698
7.9973      681.0393     798.9476     117.9083     949.2200     268.1807     167.9991     150.2723
8.0246      681.0393     798.9814     117.9421     949.3104     268.2711     168.0518     150.3290
8.0526      681.1524     798.9476     117.7953     949.4437     268.2913     167.9606     150.4961
8.0793      681.1524     798.9476     117.7953     949.5519     268.3995     167.9967     150.6043
8.1063      681.1750     798.9476     117.7726     949.6698     268.4948     168.0134     150.7222
8.1374      681.1976     798.9476     117.7500     949.6694     268.4718     167.9906     150.7218
8.1608      681.3220     798.9476     117.6256     949.7727     268.4507     167.9006     150.8251
8.1846      681.2768     798.9476     117.6709     949.8146     268.5378     167.9598     150.8669
8.2097      681.3220     798.9476     117.6256     949.8948     268.5728     167.9413     150.9472
8.2383      681.4238     798.9476     117.5238     950.0298     268.6060     167.8846     151.0821
8.2669      681.4464     798.9476     117.5012     950.1646     268.7182     167.9069     151.2170
8.2991      681.5143     798.9138     117.3996     950.2699     268.7556     167.8516     151.3560
8.3279      681.5256     798.9138     117.3883     950.3435     268.8180     167.8648     151.4297
8.3559      681.5934     798.9138     117.3204     950.4993     268.9059     167.8489     151.5855
8.3826      681.6160     798.9138     117.2978     950.5561     268.9400     167.8452     151.6422
8.4098      681.6047     798.8801     117.2753     950.6187     269.0139     167.8548     151.7386
8.4386      681.6387     798.9138     117.2752     950.7359     269.0972     167.8825     151.8220
8.4668      681.6500     798.8801     117.2301     950.7360     269.0861     167.8487     151.8560
8.4979      681.7744     798.8801     117.1057     950.8760     269.1017     167.7710     151.9960
8.5209      681.8535     798.8801     117.0265     951.0395     269.1860     167.7463     152.1595
8.5530      681.9101     798.8463     116.9362     951.1840     269.2739     167.7154     152.3378
8.5827      681.8535     798.8801     117.0265     951.2591     269.4056     167.8195     152.3790
8.6115      681.8988     798.8463     116.9475     951.3485     269.4497     167.7816     152.5022
8.6418      681.9666     798.8463     116.8796     951.4188     269.4522     167.7371     152.5725
8.6685      681.9440     798.8125     116.8685     951.4309     269.4869     167.7413     152.6185
8.6946      682.0119     798.8463     116.8344     951.5720     269.5602     167.7430     152.7258
8.7176      682.0232     798.8463     116.8231     951.6242     269.6010     167.7491     152.7779
8.7404      682.0797     798.8463     116.7665     951.7068     269.6270     167.7200     152.8605
8.7650      682.1589     798.8463     116.6874     951.8666     269.7077     167.6942     153.0203
8.7909      682.1815     798.8125     116.6310     952.0206     269.8391     167.7003     153.2081
8.8193      682.2041     798.8125     116.6084     952.1437     269.9396     167.7188     153.3312
8.8519      682.2720     798.8125     116.5405     952.2597     269.9877     167.6896     153.4472
8.8776      682.2607     798.8125     116.5518     952.3068     270.0462     167.7166     153.4943
8.9058      682.2607     798.8125     116.5518     952.3999     270.1392     167.7476     153.5874
8.9327      682.2833     798.7787     116.4954     952.4110     270.1277     167.7062     153.6323
8.9601      682.3285     798.7787     116.4502     952.4752     270.1467     167.6823     153.6965
8.9839      682.3285     798.7787     116.4502     952.5052     270.1767     167.6923     153.7265
9.0104      682.3511     798.8125     116.4613     952.6146     270.2634     167.7287     153.8021
9.0380      682.4868     798.8125     116.3256     952.7785     270.2916     167.6476     153.9660
9.0673      682.5208     798.8463     116.3255     952.9732     270.4525     167.7012     154.1270
9.0961      682.5321     798.8125     116.2804     953.1210     270.5890     167.7166     154.3086
9.1266      682.5321     798.8463     116.3142     953.1531     270.6211     167.7498     154.3069
9.1558      682.6112     798.8125     116.2012     953.3300     270.7188     167.7071     154.5176
9.1886      682.5999     798.7787     116.1787     953.3205     270.7206     167.6927     154.5418
9.2158      682.5999     798.8125     116.2125     953.4282     270.8282     167.7511     154.6157
9.2366      682.6565     798.7787     116.1222     953.4588     270.8024     167.6823     154.6802
9.2569      682.6112     798.7787     116.1674     953.4343     270.8231     167.7193     154.6556
9.2853      682.7583     798.7787     116.0204     953.6259     270.8676     167.6361     154.8472
9.3154      682.7696     798.8125     116.0429     953.7782     271.0087     167.6982     154.9658
9.3452      682.8374     798.7787     115.9413     953.9732     271.1357     167.6727     155.1945
9.3749      682.8261     798.7787     115.9526     954.0323     271.2061     167.7038     155.2536
9.4019      682.7922     798.7787     115.9865     954.1259     271.3337     167.7689     155.3472
9.4303      682.8487     798.7449     115.8962     954.1732     271.3244     167.7056     155.4283
9.4587      682.8261     798.7449     115.9188     954.1943     271.3682     167.7352     155.4494
9.4858      682.8261     798.7449     115.9188     954.1975     271.3714     167.7363     155.4526
9.5146      682.8148     798.7111     115.8963     954.2040     271.3892     167.7273     155.4929
9.5401      682.8940     798.7449     115.8509     954.3535     271.4595     167.7205     155.6086
9.5685      682.9618     798.7449     115.7831     954.5538     271.5920     167.7194     155.8089
9.5932      683.0071     798.7111     115.7040     954.6569     271.6499     167.6860     155.9458
9.6239      683.0410     798.7449     115.7039     954.7274     271.6864     167.6981     155.9825
9.6502      683.0636     798.7111     115.6475     954.8573     271.7937     167.6962     156.1462
9.6790      683.0636     798.7111     115.6475     954.9269     271.8633     167.7194     156.2159
9.7082      683.0410     798.7111     115.6701     954.9759     271.9349     167.7584     156.2648
9.7362      683.0636     798.7111     115.6475     954.9672     271.9036     167.7329     156.2562
9.7628      683.0975     798.6773     115.5798     955.0268     271.9292     167.6963     156.3495
9.7912      683.1654     798.7111     115.5457     955.1804     272.0150     167.7021     156.4693
9.8196      683.1767     798.6773     115.5006     955.2464     272.0697     167.6903     156.5691
9.8465      683.2445     798.7111     115.4665     955.4520     272.2075     167.7135     156.7409
9.8768      683.2106     798.7111     115.5005     955.5185     272.3079     167.7696     156.8074
9.9085      683.2672     798.6773     115.4101     955.6082     272.3411     167.7205     156.9309
9.9390      683.2445     798.7111     115.4665     955.6882     272.4436     167.7922     156.9771
9.9658      683.2898     798.7111     115.4213     955.8103     272.5205     167.7877     157.0992
9.9915      683.3011     798.6773     115.3762     955.8110     272.5099     167.7541     157.1337
10.0195     683.2898     798.6773     115.3875     955.8018     272.5120     167.7624     157.1245
10.0441     683.3463     798.7111     115.3648     955.9314     272.5851     167.7715     157.2203
10.0677     683.3124     798.7111     115.3987     955.9694     272.6570     167.8181     157.2583
10.0961     683.4029     798.7111     115.3082     956.1576     272.7547     167.7904     157.4465
10.1233     683.4368     798.6773     115.2405     956.2743     272.8375     167.7728     157.5970
10.1506     683.4255     798.6773     115.2518     956.3452     272.9197     167.8078     157.6679
10.1805     683.4255     798.6773     115.2518     956.4314     273.0059     167.8365     157.7541
10.2087     683.4368     798.6435     115.2067     956.5262     273.0894     167.8343     157.8827
10.2367     683.4255     798.6435     115.2180     956.5858     273.1603     167.8655     157.9423
10.2640     683.4481     798.6435     115.1954     956.5871     273.1390     167.8433     157.9436
10.2931     683.4255     798.6097     115.1842     956.5912     273.1657     167.8447     157.9815
10.3167     683.4481     798.6097     115.1616     956.7078     273.2597     167.8610     158.0981
10.3436     683.5273     798.6097     115.0824     956.8480     273.3208     167.8286     158.2383
10.3712     683.5160     798.6435     115.1275     956.9517     273.4358     167.8969     158.3082
10.3989     683.5160     798.6097     115.0938     956.9874     273.4714     167.8863     158.3776
10.4282     683.5499     798.6435     115.0936     957.1274     273.5775     167.9216     158.4839
10.4518     683.5838     798.6097     115.0259     957.2295     273.6457     167.8992     158.6198
10.4819     683.5838     798.6097     115.0259     957.2749     273.6911     167.9143     158.6652
10.5101     683.5612     798.6097     115.0485     957.3038     273.7426     167.9466     158.6941
10.5347     683.5273     798.6097     115.0824     957.3489     273.8216     167.9955     158.7392
10.5589     683.5612     798.6097     115.0485     957.4340     273.8728     167.9900     158.8243
10.5834     683.6177     798.5759     114.9582     957.4850     273.8672     167.9279     158.9090
10.6107     683.6743     798.5759     114.9016     957.5644     273.8901     167.8978     158.9885
10.6385     683.7082     798.5759     114.8677     957.7120     274.0038     167.9131     159.1361
10.6673     683.7082     798.5421     114.8339     957.7450     274.0368     167.9015     159.2029
10.6949     683.7082     798.6097     114.9015     957.9308     274.2226     168.0085     159.3211
10.7212     683.7195     798.5759     114.8564     957.9878     274.2683     167.9937     159.4119
10.7492     683.7082     798.5421     114.8339     958.0418     274.3335     168.0005     159.4996
10.7768     683.6517     798.5421     114.8905     958.0515     274.3998     168.0602     159.5094
10.8075     683.7195     798.5759     114.8564     958.1385     274.4190     168.0439     159.5626
10.8338     683.7421     798.5421     114.8000     958.2149     274.4728     168.0242     159.6728
10.8670     683.7082     798.5083     114.8001     958.1904     274.4822     168.0275     159.6821
10.8933     683.8100     798.5421     114.7321     958.3440     274.5340     167.9994     159.8019
10.9215     683.7534     798.5083     114.7549     958.4069     274.6535     168.0544     159.8986
10.9491     683.7761     798.5083     114.7323     958.4654     274.6893     168.0513     159.9570
10.9777     683.7874     798.5083     114.7210     958.5808     274.7934     168.0784     160.0724
11.0028     683.7761     798.5083     114.7323     958.6534     274.8774     168.1140     160.1451
11.0299     683.7648     798.5083     114.7436     958.7320     274.9673     168.1515     160.2237
11.0571     683.7421     798.5083     114.7662     958.7420     274.9998     168.1774     160.2336
11.0838     683.8100     798.5083     114.6983     958.8212     275.0112     168.1360     160.3128
11.1091     683.7648     798.5421     114.7774     958.9074     275.1426     168.2325     160.3653
11.1389     683.7874     798.5083     114.7210     958.9764     275.1890     168.2103     160.4681
11.1749     683.8665     798.5083     114.6418     959.0486     275.1821     168.1552     160.5403
11.1997     683.8213     798.4745     114.6532     959.0971     275.2758     168.1941     160.6226
11.2258     683.8439     798.4745     114.6306     959.2358     275.3919     168.2177     160.7612
11.2540     683.8552     798.4745     114.6193     959.3314     275.4762     168.2383     160.8569
11.2787     683.8665     798.4745     114.6080     959.3748     275.5082     168.2414     160.9002
11.3046     683.7761     798.4745     114.6985     959.3669     275.5908     168.3293     160.8924
11.3326     683.8100     798.4408     114.6308     959.4192     275.6092     168.2902     160.9784
11.3568     683.8552     798.4745     114.6193     959.5067     275.6514     168.2967     161.0321
11.3837     683.8892     798.4408     114.5516     959.5607     275.6715     168.2582     161.1199
11.4117     683.8778     798.4408     114.5629     959.6074     275.7296     168.2851     161.1667
11.4364     683.9005     798.4745     114.5741     959.7818     275.8814     168.3432     161.3073
11.4683     683.8778     798.4745     114.5967     959.8505     275.9726     168.3887     161.3759
11.4938     683.8778     798.4408     114.5629     959.9166     276.0387     168.3882     161.4758
11.5239     683.8892     798.4070     114.5178     959.9547     276.0655     168.3670     161.5477
11.5529     683.8665     798.4070     114.5404     960.0089     276.1423     168.4077     161.6019
11.5811     683.8892     798.4408     114.5516     960.0691     276.1800     168.4277     161.6284
11.6068     683.8892     798.4408     114.5516     960.1293     276.2402     168.4478     161.6886
11.6327     683.8665     798.4408     114.5742     960.1696     276.3031     168.4838     161.7288
11.6596     683.8778     798.4408     114.5629     960.1982     276.3203     168.4820     161.7574
11.6817     683.9344     798.4070     114.4726     960.3381     276.4037     168.4496     161.9311
11.7082     683.9231     798.4408     114.5177     960.4206     276.4975     168.5109     161.9798
11.7383     683.9457     798.4070     114.4613     960.5164     276.5707     168.4977     162.1094
11.7667     683.9231     798.4408     114.5177     960.5953     276.6722     168.5692     162.1545
11.7931     683.9005     798.4408     114.5403     960.6440     276.7436     168.6080     162.2033
11.8220     683.8892     798.4070     114.5178     960.6834     276.7942     168.6099     162.2764
11.8555     683.8665     798.4070     114.5404     960.6801     276.8136     168.6315     162.2732
11.8837     683.9231     798.3732     114.4501     960.7400     276.8170     168.5724     162.3669
11.9106     683.8892     798.3732     114.4840     960.7778     276.8886     168.6189     162.4046
11.9368     683.9005     798.4408     114.5403     960.9137     277.0132     168.6979     162.4729
11.9611     683.9005     798.4070     114.5065     960.9708     277.0703     168.6944     162.5638
11.9904     683.9231     798.3732     114.4501     961.0090     277.0859     168.6620     162.6358
12.0194     683.9344     798.4070     114.4726     961.1929     277.2585     168.7345     162.7859
12.0471     683.9344     798.3732     114.4388     961.2242     277.2898     168.7225     162.8510
12.0773     683.9231     798.4070     114.4839     961.2505     277.3274     168.7651     162.8436
12.0993     683.8778     798.4070     114.5291     961.2969     277.4190     168.8258     162.8899
12.1286     683.8778     798.4070     114.5291     961.3103     277.4325     168.8302     162.9033
12.1473     683.8892     798.4070     114.5178     961.3919     277.5027     168.8461     162.9849
12.1762     683.8665     798.3732     114.5066     961.3819     277.5154     168.8429     163.0087
12.2068     683.8778     798.3732     114.4953     961.4413     277.5634     168.8514     163.0681
12.2379     683.9683     798.3732     114.4049     961.6156     277.6473     168.8190     163.2424
12.2616     683.8665     798.4070     114.5404     961.7214     277.8548     168.9786     163.3144
12.2945     683.8665     798.3394     114.4728     961.7570     277.8904     168.9454     163.4176
12.3186     683.8778     798.3732     114.4953     961.8037     277.9259     168.9722     163.4305
12.3429     683.8778     798.4070     114.5291     961.9083     278.0304     169.0296     163.5013
12.3712     683.8100     798.3732     114.5632     961.8796     278.0697     169.0653     163.5065
12.4013     683.8213     798.3394     114.5181     961.9055     278.0842     169.0401     163.5661
12.4237     683.8439     798.3394     114.4955     961.9699     278.1260     169.0390     163.6305
12.4495     683.7534     798.3732     114.6197     961.9940     278.2406     169.1600     163.6209
12.4786     683.8778     798.3394     114.4615     962.1277     278.2498     169.0576     163.7883
12.5103     683.8552     798.3394     114.4841     962.1840     278.3288     169.0990     163.8446
12.5341     683.8439     798.3394     114.4955     962.2938     278.4498     169.1469     163.9544
12.5632     683.8100     798.3732     114.5632     962.3597     278.5498     169.2254     163.9866
12.5947     683.8326     798.3394     114.5068     962.3922     278.5595     169.1910     164.0528
12.6277     683.8100     798.3394     114.5294     962.4360     278.6260     169.2283     164.0966
12.6555     683.7761     798.3394     114.5633     962.4416     278.6655     169.2641     164.1022
12.6802     683.7761     798.3394     114.5633     962.5300     278.7539     169.2935     164.1906
12.7028     683.7308     798.3056     114.5748     962.5113     278.7805     169.3100     164.2057
12.7263     683.7421     798.3056     114.5634     962.6018     278.8597     169.3289     164.2962
12.7546     683.7874     798.3056     114.5182     962.6927     278.9053     169.3139     164.3871
12.7827     683.7874     798.3394     114.5520     962.7794     278.9921     169.3654     164.4401
12.8084     683.7648     798.3394     114.5746     962.8559     279.0912     169.4135     164.5165
12.8389     683.7308     798.3056     114.5748     962.8318     279.1010     169.4168     164.5262
12.8633     683.7195     798.3056     114.5861     962.9298     279.2103     169.4608     164.6243
12.8892     683.6969     798.3056     114.6087     962.9384     279.2415     169.4863     164.6329
12.9209     683.7082     798.3056     114.5974     962.9648     279.2566     169.4838     164.6592
12.9515     683.6969     798.3056     114.6087     963.0125     279.3156     169.5110     164.7069
12.9756     683.6969     798.3056     114.6087     963.0341     279.3372     169.5182     164.7285
13.0027     683.7308     798.3394     114.6085     963.1604     279.4295     169.5489     164.8210
13.0289     683.7082     798.2718     114.5636     963.1869     279.4787     169.5353     164.9152
13.0550     683.6856     798.2718     114.5862     963.2333     279.5477     169.5734     164.9615
13.0858     683.7082     798.3056     114.5974     963.3428     279.6345     169.6098     165.0372
13.1120     683.6969     798.2718     114.5749     963.3358     279.6389     169.5962     165.0640
13.1421     683.6517     798.3394     114.6877     963.4516     279.7999     169.7251     165.1122
13.1692     683.6291     798.3056     114.6765     963.4619     279.8328     169.7286     165.1563
13.1927     683.5725     798.3056     114.7331     963.4651     279.8926     169.7862     165.1595
13.2173     683.5725     798.3394     114.7669     963.5669     279.9944     169.8427     165.2275
13.2448     683.6064     798.3394     114.7329     963.5623     279.9558     169.8072     165.2229
13.2703     683.6177     798.3394     114.7216     963.7048     280.0871     169.8435     165.3655
13.2988     683.5725     798.3394     114.7669     963.7462     280.1736     169.9025     165.4068
13.3258     683.6743     798.3056     114.6313     963.7754     280.1011     169.7879     165.4698
13.3567     683.6064     798.3394     114.7329     963.8839     280.2775     169.9145     165.5446
13.3838     683.5838     798.3732     114.7894     963.9519     280.3680     169.9823     165.5787
13.4140     683.5725     798.3394     114.7669     963.9748     280.4023     169.9787     165.6354
13.4441     683.5499     798.3056     114.7557     963.9407     280.3908     169.9674     165.6351
13.4711     683.5386     798.3394     114.8008     964.0373     280.4988     170.0335     165.6980
13.4988     683.4933     798.3394     114.8460     964.0224     280.5290     170.0737     165.6830
13.5196     683.5273     798.3394     114.8121     964.0969     280.5697     170.0646     165.7576
13.5488     683.5612     798.3056     114.7444     964.1691     280.6079     170.0322     165.8635
13.5740     683.5386     798.3394     114.8008     964.2785     280.7399     170.1138     165.9391
13.5996     683.5047     798.3394     114.8347     964.3436     280.8390     170.1695     166.0042
13.6241     683.4707     798.3056     114.8349     964.3388     280.8681     170.1793     166.0332
13.6509     683.5160     798.3056     114.7896     964.3920     280.8760     170.1518     166.0864
13.6803     683.4255     798.3056     114.8801     964.4020     280.9765     170.2456     166.0964
13.7051     683.4707     798.3056     114.8349     964.4589     280.9882     170.2193     166.1533
13.7360     683.4481     798.2718     114.8237     964.4036     280.9555     170.2010     166.1318
13.7605     683.4029     798.2718     114.8689     964.4136     281.0107     170.2495     166.1418
13.7869     683.4368     798.3056     114.8688     964.5390     281.1022     170.2799     166.2334
13.8123     683.4707     798.3056     114.8349     964.6705     281.1998     170.2898     166.3649
13.8393     683.4481     798.3394     114.8913     964.7376     281.2895     170.3574     166.3982
13.8656     683.4368     798.3056     114.8688     964.8049     281.3681     170.3686     166.4993
13.8923     683.3916     798.3056     114.9140     964.8482     281.4566     170.4282     166.5426
13.9228     683.3916     798.3394     114.9478     964.9274     281.5358     170.4771     166.5880
13.9525     683.3576     798.3056     114.9480     964.8836     281.5260     170.4740     166.5780
13.9840     683.3463     798.3056     114.9593     964.8321     281.4858     170.4681     166.5266
14.0101     683.3011     798.3056     115.0045     964.8764     281.5753     170.5281     166.5708
14.0424     683.3124     798.3056     114.9932     964.9180     281.6056     170.5307     166.6124
14.0666     683.4142     798.3056     114.8914     965.0132     281.5990     170.4606     166.7076
14.0931     683.3350     798.3394     115.0044     965.0996     281.7646     170.5911     166.7602
14.1145     683.3011     798.3056     115.0045     965.1473     281.8462     170.6184     166.8417
14.1407     683.3350     798.3056     114.9706     965.2195     281.8845     170.6085     166.9139
14.1657     683.3011     798.3394     115.0383     965.2898     281.9887     170.6884     166.9505
14.1944     683.2898     798.3056     115.0158     965.3041     282.0144     170.6820     166.9985
14.2244     683.2219     798.2718     115.0499     965.2498     282.0279     170.7092     166.9780
14.2508     683.2106     798.3056     115.0950     965.3173     282.1067     170.7655     167.0117
14.2766     683.2106     798.3056     115.0950     965.2955     282.0848     170.7583     166.9899
14.3025     683.2106     798.3056     115.0950     965.4150     282.2044     170.7981     167.1094
14.3320     683.2219     798.3056     115.0837     965.4707     282.2487     170.8054     167.1651
14.3675     683.1880     798.2718     115.0838     965.4998     282.3118     170.8265     167.2280
14.3939     683.2219     798.3056     115.0837     965.5953     282.3733     170.8469     167.2897
14.4186     683.1654     798.2718     115.1064     965.6263     282.4609     170.8913     167.3545
14.4476     683.1541     798.3056     115.1515     965.7354     282.5814     170.9615     167.4298
14.4746     683.0975     798.3056     115.2081     965.6920     282.5945     171.0035     167.3865
14.4975     683.0862     798.3056     115.2194     965.7321     282.6458     171.0282     167.4265
14.5224     683.0636     798.2718     115.2082     965.7060     282.6424     171.0196     167.4342
14.5450     683.0636     798.2380     115.1744     965.7034     282.6398     170.9962     167.4654
14.5709     683.0975     798.2380     115.1405     965.7938     282.6963     170.9924     167.5558
14.5954     683.0862     798.2718     115.1856     965.8738     282.7875     171.0529     167.6020
14.6214     683.0636     798.2380     115.1744     965.8546     282.7910     171.0466     167.6166
14.6510     683.0410     798.2380     115.1970     965.9001     282.8592     171.0844     167.6621
14.6820     683.0410     798.2718     115.2308     965.9858     282.9448     171.1355     167.7140
14.7087     682.9957     798.2718     115.2760     965.9802     282.9845     171.1789     167.7085
14.7342     682.9618     798.3056     115.3438     966.0580     283.0961     171.2612     167.7524
14.7597     682.8940     798.2718     115.3778     965.9364     283.0424     171.2660     167.6646
14.7853     682.9392     798.3056     115.3664     966.0420     283.1028     171.2785     167.7364
14.8114     682.9392     798.3056     115.3664     966.0563     283.1171     171.2833     167.7507
14.8402     682.9957     798.2380     115.2423     966.0822     283.0864     171.1903     167.8442
14.8687     682.8827     798.2380     115.3553     966.0636     283.1809     171.2972     167.8256
14.8986     682.8487     798.2380     115.3893     966.0890     283.2403     171.3396     167.8510
14.9319     682.8261     798.2042     115.3781     965.9896     283.1634     171.3065     167.7853
14.9599     682.8148     798.2380     115.4232     966.0524     283.2376     171.3613     167.8144
14.9869     682.7809     798.2042     115.4233     966.0029     283.2221     171.3562     167.7987
15.0132     682.7243     798.2380     115.5137     965.9941     283.2698     171.4324     167.7561
15.0427     682.7130     798.2380     115.5250     965.9452     283.2322     171.4274     167.7072
15.0665     682.6791     798.1704     115.4913     965.8588     283.1797     171.3874     167.6883
15.0930     682.7130     798.2042     115.4912     965.9432     283.2302     171.4042     167.7390
15.1197     682.6565     798.2042     115.5477     965.9653     283.3088     171.4681     167.7611
15.1515     682.6565     798.2042     115.5477     965.9679     283.3115     171.4690     167.7637
15.1801     682.6112     798.1704     115.5592     965.9150     283.3037     171.4740     167.7445
15.2065     682.5773     798.1704     115.5931     965.9094     283.3320     171.5061     167.7389
15.2306     682.5660     798.2042     115.6382     965.9142     283.3482     171.5415     167.7100
15.2584     682.5773     798.2042     115.6269     965.8873     283.3100     171.5213     167.6831
15.2848     682.4868     798.1704     115.6836     965.8013     283.3145     171.5605     167.6309
15.3117     682.4416     798.1704     115.7288     965.7200     283.2784     171.5787     167.5496
15.3391     682.4416     798.1704     115.7288     965.7217     283.2801     171.5792     167.5513
15.3699     682.4303     798.2042     115.7739     965.7413     283.3110     171.6196     167.5371
15.3956     682.4303     798.1704     115.7401     965.7313     283.3010     171.5937     167.5608
15.4264     682.3738     798.1704     115.7967     965.5956     283.2218     171.6051     167.4252
15.4554     682.3624     798.1704     115.8080     965.5474     283.1850     171.6003     167.3770
15.4803     682.3511     798.1366     115.7855     965.4552     283.1040     171.5583     167.3185
15.5075     682.3398     798.1704     115.8306     965.4257     283.0859     171.5824     167.2553
15.5355     682.2720     798.1366     115.8647     965.3179     283.0459     171.5917     167.1812
15.5567     682.2267     798.1028     115.8761     965.2236     282.9969     171.5830     167.1208
15.5848     682.2380     798.1366     115.8986     965.2390     283.0010     171.5994     167.1024
15.6093     682.2494     798.1028     115.8535     965.1474     282.8980     171.5350     167.0445
15.6360     682.2607     798.1366     115.8760     965.2678     283.0071     171.5864     167.1312
15.6618     682.2041     798.1028     115.8987     965.1828     282.9787     171.5920     167.0799
15.6895     682.2154     798.1028     115.8874     965.2210     283.0055     171.5935     167.1181
15.7192     682.1589     798.1028     115.9440     965.1435     282.9846     171.6242     167.0406
15.7471     682.0910     798.1028     116.0118     965.0974     283.0064     171.6767     166.9946
15.7743     682.0571     798.0690     116.0119     965.0004     282.9433     171.6557     166.9313
15.8033     682.0119     798.1028     116.0910     964.9582     282.9463     171.7094     166.8553
15.8294     682.0232     798.1028     116.0797     964.9157     282.8925     171.6839     166.8128
15.8567     682.0006     798.1028     116.1023     964.8153     282.8148     171.6731     166.7125
15.8820     682.0684     798.1028     116.0344     964.8949     282.8265     171.6318     166.7921
15.9090     682.0458     798.1366     116.0908     964.8845     282.8387     171.6735     166.7479
15.9366     682.0119     798.1366     116.1248     964.8483     282.8364     171.6953     166.7117
15.9634     681.9666     798.1704     116.2038     964.8381     282.8715     171.7597     166.6677
15.9835     681.9327     798.1366     116.2039     964.8015     282.8688     171.7589     166.6649
16.0133     681.9101     798.1366     116.2265     964.7332     282.8231     171.7587     166.5966
16.0378     681.8648     798.1028     116.2380     964.6415     282.7767     171.7509     166.5387
16.0669     681.8535     798.0690     116.2155     964.5964     282.7428     171.7246     166.5273
16.0925     681.8309     798.1028     116.2719     964.5609     282.7300     171.7579     166.4580
16.1188     681.8309     798.0690     116.2381     964.5211     282.6902     171.7222     166.4521
16.1500     681.8083     798.0690     116.2607     964.4591     282.6508     171.7241     166.3900
16.1820     681.7970     798.0690     116.2721     964.4048     282.6078     171.7173     166.3358
16.2107     681.7065     798.0353     116.3287     964.3049     282.5984     171.7520     166.2697
16.2384     681.7178     798.0690     116.3512     964.3114     282.5936     171.7653     166.2423
16.2608     681.7065     798.0353     116.3287     964.2054     282.4989     171.7188     166.1702
16.2915     681.6726     798.0353     116.3627     964.1445     282.4719     171.7324     166.1093
16.3197     681.6387     798.0690     116.4304     964.1316     282.4929     171.7846     166.0625
16.3458     681.6387     798.0353     116.3966     964.0460     282.4073     171.7335     166.0107
16.3732     681.6274     798.0353     116.4079     964.0193     282.3920     171.7359     165.9841
16.3939     681.5821     798.0353     116.4531     964.0059     282.4238     171.7767     165.9707
16.4225     681.6160     798.0353     116.4192     964.0320     282.4160     171.7515     165.9968
16.4480     681.5482     798.0353     116.4871     963.9354     282.3872     171.7871     165.9001
16.4795     681.5595     798.0353     116.4757     963.9096     282.3501     171.7672     165.8743
16.5014     681.5143     798.0353     116.5210     963.8476     282.3333     171.7918     165.8124
16.5271     681.4464     798.0353     116.5888     963.7966     282.3502     171.8426     165.7613
16.5541     681.4577     798.0015     116.5437     963.7093     282.2516     171.7797     165.7078
16.5787     681.3899     798.0015     116.6116     963.6144     282.2245     171.8159     165.6129
16.6054     681.4012     798.0353     116.6341     963.6135     282.2123     171.8268     165.5782
16.6309     681.3673     798.0353     116.6680     963.5261     282.1589     171.8316     165.4909
16.6610     681.3899     798.0690     116.6792     963.5553     282.1655     171.8413     165.4863
16.6892     681.3333     798.0353     116.7019     963.4564     282.1231     171.8423     165.4211
16.7157     681.3220     798.0353     116.7132     963.4221     282.1001     171.8422     165.3868
16.7377     681.2994     798.0015     116.7021     963.3447     282.0453     171.8165     165.3433
16.7654     681.2315     798.0353     116.8037     963.3325     282.1010     171.9028     165.2973
16.7999     681.2655     798.0015     116.7360     963.2303     281.9648     171.8123     165.2288
16.8254     681.2089     798.0015     116.7925     963.1339     281.9249     171.8367     165.1324
16.8488     681.1524     798.0353     116.8829     963.0479     281.8955     171.8871     165.0126
16.8728     681.1524     798.0015     116.8491     962.9390     281.7866     171.8282     164.9375
16.8991     681.1411     798.0015     116.8604     962.8959     281.7548     171.8252     164.8944
16.9269     681.1298     798.0015     116.8717     962.8316     281.7019     171.8151     164.8302
16.9528     681.1524     798.0015     116.8491     962.8535     281.7011     171.7997     164.8520
16.9866     681.1298     798.0353     116.9055     962.7743     281.6446     171.8185     164.7391
17.0182     681.0732     798.0353     116.9620     962.5929     281.5196     171.8146     164.5576
17.0365     681.0732     798.0015     116.9282     962.5043     281.4311     171.7625     164.5029
17.0649     681.0732     797.9677     116.8945     962.3777     281.3044     171.6978     164.4100
17.0892     681.0845     798.0015     116.9169     962.2720     281.1875     171.6738     164.2706
17.1180     681.0054     798.0015     116.9961     962.0779     281.0725     171.6882     164.0764
17.1447     681.0506     798.0015     116.9509     962.0341     280.9835     171.6284     164.0327
17.1723     681.0280     797.9677     116.9397     961.9640     280.9360     171.6051     163.9963
17.2051     681.0506     798.0015     116.9509     962.0332     280.9826     171.6281     164.0318
17.2327     681.0167     798.0015     116.9848     961.9604     280.9437     171.6378     163.9589
17.2659     681.0506     798.0015     116.9509     961.9493     280.8987     171.6001     163.9478
17.2907     681.0393     798.0015     116.9622     961.8636     280.8243     171.5829     163.8621
17.3193     680.9262     797.9677     117.0415     961.7367     280.8105     171.6311     163.7690
17.3448     680.9149     797.9677     117.0528     961.6589     280.7440     171.6165     163.6912
17.3707     680.8810     797.9677     117.0867     961.5620     280.6811     171.6182     163.5944
17.3943     680.9149     797.9677     117.0528     961.5335     280.6186     171.5747     163.5658
17.4160     680.8810     797.9677     117.0867     961.4359     280.5549     171.5761     163.4682
17.4451     680.9262     797.9677     117.0415     961.4512     280.5250     171.5360     163.4836
17.4741     680.8810     797.9677     117.0867     961.4119     280.5310     171.5681     163.4443
17.5021     680.8810     797.9677     117.0867     961.3383     280.4573     171.5436     163.3706
17.5301     680.8131     797.9677     117.1546     961.2283     280.4152     171.5748     163.2607
17.5652     680.7792     797.9677     117.1885     961.1680     280.3888     171.5886     163.2003
17.5915     680.7566     798.0015     117.2449     961.0588     280.3023     171.5974     163.0574
17.6174     680.7000     797.9339     117.2339     960.8220     280.1219     171.5299     162.8881
17.6429     680.6435     798.0015     117.3580     960.7756     280.1322     171.6160     162.7742
17.6683     680.5756     797.9677     117.3920     960.6280     280.0523     171.6121     162.6603
17.6978     680.5756     797.9339     117.3583     960.5269     279.9513     171.5559     162.5930
17.7293     680.5530     797.9677     117.4147     960.4712     279.9182     171.5825     162.5035
17.7504     680.5191     797.9339     117.4148     960.3957     279.8767     171.5688     162.4619
17.7828     680.4286     797.9677     117.5391     960.2478     279.8192     171.6324     162.2801
17.8051     680.4286     797.9677     117.5391     960.1856     279.7570     171.6117     162.2179
17.8325     680.3834     797.9677     117.5843     960.0319     279.6486     171.6057     162.0643
17.8665     680.3042     798.0353     117.7310     959.9419     279.6377     171.6999     161.9066
17.9002     680.2816     798.0015     117.7199     959.8146     279.5330     171.6576     161.8132
17.9271     680.1911     797.9677     117.7766     959.6011     279.4100     171.6544     161.6334
17.9495     680.1685     797.9677     117.7992     959.5028     279.3343     171.6442     161.5352
17.9739     680.1572     797.9677     117.8105     959.4276     279.2704     171.6305     161.4599
18.0021     680.1459     797.9677     117.8218     959.3359     279.1901     171.6112     161.3683
18.0288     680.0667     797.9677     117.9010     959.1930     279.1263     171.6427     161.2253
18.0547     680.0328     797.9339     117.9011     959.0902     279.0574     171.6199     161.1563
18.0877     680.0215     797.9677     117.9462     958.9146     278.8932     171.5952     160.9470
18.1157     679.9084     797.9677     118.0593     958.7153     278.8069     171.6418     160.7476
18.1427     679.8745     797.9339     118.0594     958.5654     278.6910     171.6033     160.6315
18.1681     679.8179     797.9339     118.1160     958.4162     278.5983     171.6101     160.4823
18.1949     679.8179     797.9677     118.1498     958.2082     278.3903     171.5633     160.2406
18.2183     679.7614     797.9339     118.1725     958.0475     278.2861     171.5437     160.1136
18.2458     679.7388     797.9339     118.1951     957.9485     278.2097     171.5333     160.0146
18.2780     679.7161     797.9339     118.2177     957.8135     278.0973     171.5109     159.8796
18.3045     679.6596     797.9339     118.2743     957.7075     278.0480     171.5322     159.7737
18.3304     679.6596     797.9339     118.2743     957.6299     277.9703     171.5063     159.6960
18.3551     679.6257     797.9339     118.3082     957.4827     277.8571     171.4912     159.5488
18.3862     679.6030     797.9677     118.3646     957.3657     277.7627     171.4973     159.3981
18.4131     679.6030     797.9339     118.3308     957.1804     277.5774     171.4130     159.2465
18.4382     679.5578     797.9339     118.3761     957.0686     277.5108     171.4210     159.1347
18.4624     679.5239     797.9001     118.3762     956.9066     277.3827     171.3784     159.0065
18.4854     679.5239     797.9001     118.3762     956.8439     277.3200     171.3575     158.9438
18.5163     679.5239     797.9339     118.4100     956.7815     277.2576     171.3592     158.8476
18.5384     679.4900     797.9339     118.4439     956.7114     277.2214     171.3697     158.7775
18.5641     679.4447     797.9001     118.4554     956.5288     277.0840     171.3316     158.6287
18.5946     679.4221     797.9001     118.4780     956.4425     277.0204     171.3254     158.5424
18.6182     679.3882     797.9001     118.5119     956.3068     276.9186     171.3141     158.4067
18.6445     679.3316     797.9339     118.6022     956.2176     276.8860     171.3635     158.2838
18.6740     679.2638     797.9339     118.6701     955.9811     276.7173     171.3525     158.0472
18.7001     679.2298     797.9001     118.6702     955.8249     276.5950     171.3118     157.9248
18.7260     679.2977     797.9339     118.6362     955.7277     276.4300     171.2341     157.7938
18.7532     679.2412     797.9001     118.6589     955.5248     276.2837     171.2005     157.6247
18.7809     679.2072     797.9339     118.7266     955.5226     276.3154     171.2562     157.5887
18.8070     679.1394     797.9001     118.7607     955.3666     276.2272     171.2495     157.4665
18.8309     679.1281     797.9001     118.7720     955.2041     276.0760     171.2067     157.3040
18.8582     679.1168     797.9001     118.7833     955.0885     275.9717     171.1795     157.1884
18.8858     679.0263     797.9339     118.9076     954.9169     275.8906     171.2353     156.9830
18.9115     678.9811     797.9001     118.9190     954.7351     275.7540     171.1974     156.8350
18.9403     678.9245     797.9339     119.0094     954.5612     275.6367     171.2185     156.6274
18.9658     678.9245     797.9339     119.0094     954.4227     275.4982     171.1723     156.4888
18.9933     678.8680     797.9339     119.0659     954.2355     275.3676     171.1665     156.3016
19.0161     678.8906     797.9339     119.0433     954.1827     275.2921     171.1262     156.2488
19.0431     678.8567     797.9339     119.0772     954.0325     275.1759     171.1101     156.0987
19.0715     678.8001     797.9677     119.1676     953.9313     275.1312     171.1554     155.9636
19.0978     678.7549     798.0015     119.2466     953.8341     275.0792     171.1908     155.8327
19.1268     678.7209     797.9339     119.2129     953.6215     274.9005     171.1088     155.6876
19.1550     678.6418     797.9339     119.2921     953.4068     274.7650     171.1164     155.4729
19.1853     678.5513     797.9677     119.4164     953.2398     274.6885     171.1738     155.2722
19.2177     678.4721     797.9677     119.4955     953.0263     274.5541     171.1817     155.0586
19.2415     678.4269     798.0015     119.5745     952.8898     274.4629     171.2040     154.8883
19.2628     678.4382     797.9677     119.5294     952.7261     274.2879     171.1156     154.7585
19.2920     678.4043     798.0015     119.5972     952.5971     274.1928     171.1291     154.5957
19.3231     678.3704     797.9339     119.5635     952.4255     274.0551     171.0607     154.4916
19.3509     678.2460     797.9677     119.7217     952.2194     273.9735     171.1390     154.2518
19.3789     678.2120     797.9339     119.7218     952.0166     273.8045     171.0827     154.0827
19.4038     678.1668     797.9339     119.7671     951.8181     273.6513     171.0618     153.8842
19.4292     678.1103     797.9001     119.7898     951.6113     273.5011     171.0269     153.7112
19.4558     678.0763     797.9339     119.8575     951.4347     273.3584     171.0245     153.5008
19.4827     677.9746     797.9339     119.9593     951.1970     273.2225     171.0470     153.2631
19.5090     677.9632     797.9339     119.9706     950.9961     273.0329     170.9914     153.0622
19.5416     677.9067     797.9339     120.0272     950.7834     272.8767     170.9770     152.8495
19.5669     677.9180     797.9339     120.0159     950.6911     272.7731     170.9349     152.7572
19.5957     677.8502     797.9339     120.0837     950.4679     272.6178     170.9284     152.5341
19.6199     677.7936     797.9001     120.1065     950.2376     272.4440     170.8856     152.3375
19.6452     677.7144     797.9001     120.1856     949.9860     272.2716     170.8809     152.0859
19.6682     677.5222     797.9001     120.3779     949.5972     272.0750     170.9436     151.6971
