eps1         u           sigma3       sigma3'      sigma1        sigma1'      p             q
[%]         [kPa]        [kPa]        [kPa]        [kPa]         [kPa]        [kPa]         [kPa] 

0.0000      501.2714     899.8505     398.5791      901.5588     400.2874     399.1485       1.7083
0.0100      502.4476     899.8505     397.4030      902.7838     400.3362     398.3807       2.9332
0.0335      505.3653     899.9181     394.5528      906.4701     401.1048     396.7368       6.5519
0.0562      516.3576     899.8505     383.4929      919.5734     403.2158     390.0672      19.7229
0.0829      526.3887     899.8505     373.4618      930.0679     403.6792     383.5343      30.2174
0.1090      532.4843     899.8168     367.3325      935.1425     402.6582     379.1077      35.3257
0.1349      537.8673     899.8505     361.9832      939.6757     401.8084     375.2583      39.8252
0.1591      542.5945     899.8505     357.2560      943.5013     400.9068     371.8063      43.6508
0.1801      546.9598     899.8505     352.8908      946.9409     399.9812     368.5876      47.0904
0.2051      551.0876     899.8505     348.7630      950.1457     399.0582     365.5280      50.2952
0.2299      554.9552     899.8505     344.8953      953.0847     398.1295     362.6400      53.2342
0.2556      558.8229     899.8168     340.9938      955.9659     397.1430     359.7102      56.1492
0.2821      562.6228     899.8505     337.2278      958.8577     396.2349     356.8968      59.0071
0.3161      566.3660     899.8505     333.4845      961.6105     395.2444     354.0712      61.7599
0.3489      569.9171     899.8168     329.8997      964.1963     394.2792     351.3595      64.3795
0.3757      573.3889     899.8168     326.4278      966.7083     393.3194     348.7250      66.8915
0.4032      576.5441     899.8168     323.2726      968.9215     392.3774     346.3076      69.1048
0.4266      579.5749     899.7830     320.2080      971.0258     391.4509     343.9557      71.2429
0.4505      582.4474     899.8168     317.3693      973.0314     390.5840     341.7742      73.2147
0.4756      585.2408     899.8168     314.5760      975.0015     389.7607     339.6376      75.1847
0.5070      587.9436     899.7830     311.8394      976.9208     388.9772     337.5520      77.1378
0.5350      590.6578     899.8168     309.1590      978.8543     388.1965     335.5048      79.0375
0.5619      593.3041     899.7830     306.4789      980.6650     387.3610     333.4396      80.8821
0.5880      595.8712     899.7830     303.9118      982.3996     386.5284     331.4506      82.6166
0.6149      598.4270     899.8168     301.3897      984.2101     385.7831     329.5208      84.3934
0.6408      601.0055     899.7830     298.7775      985.9750     384.9695     327.5081      86.1920
0.6686      603.4935     899.7830     296.2895      987.7162     384.2227     325.6006      87.9332
0.6953      605.8797     899.7492     293.8695      989.3797     383.5000     323.7463      89.6306
0.7184      608.2659     899.7830     291.5171      991.1461     382.8802     321.9715      91.3631
0.7443      610.6634     899.7830     289.1196      992.9739     382.3105     320.1832      93.1909
0.7721      613.1174     899.7492     286.6317      994.7979     381.6805     318.3147      95.0488
0.7973      615.5376     899.7492     284.2116      996.7339     381.1963     316.5398      96.9847
0.8260      617.8672     899.7154     281.8482      998.4784     380.6112     314.7692      98.7630
0.8553      620.3439     899.7492     279.4053     1000.5186     380.1747     312.9951     100.7694
0.8830      622.7866     899.7492     276.9625     1002.5363     379.7497     311.2249     102.7871
0.9074      625.1615     899.7154     274.5539     1004.4898     379.3283     309.4787     104.7745
0.9331      627.3555     899.7154     272.3599     1006.1796     378.8241     307.8480     106.4642
0.9649      629.4363     899.7154     270.2791     1007.8398     378.4035     306.3205     108.1244
0.9912      631.4493     899.7154     268.2661     1009.3849     377.9355     304.8226     109.6695
1.0169      633.3945     899.6816     266.2871     1010.8195     377.4251     303.3331     111.1379
1.0419      635.3622     899.6816     264.3193     1012.3098     376.9475     301.8621     112.6282
1.0722      637.2622     899.6816     262.4194     1013.7931     376.5310     300.4566     114.1115
1.1043      639.1508     899.6816     260.5308     1015.2408     376.0901     299.0506     115.5592
1.1306      640.9602     899.6816     258.7214     1016.4979     375.5377     297.6602     116.8163
1.1558      642.6565     899.6816     257.0250     1017.7446     375.0881     296.3794     118.0630
1.1842      644.2398     899.6478     255.4080     1018.7895     374.5497     295.1219     119.1417
1.2108      645.8570     899.6816     253.8246     1019.9145     374.0575     293.9022     120.2329
1.2381      647.3950     899.6478     252.2528     1020.9485     373.5534     292.6863     121.3007
1.2674      648.8878     899.6478     250.7600     1022.0132     373.1254     291.5485     122.3655
1.2943      650.3354     899.6478     249.3124     1023.0367     372.7014     290.4421     123.3889
1.3215      651.7942     899.6478     247.8536     1024.0267     372.2325     289.3132     124.3789
1.3471      653.2418     899.6478     246.4060     1025.0071     371.7653     288.1925     125.3593
1.3715      654.5875     899.6816     245.0940     1025.9788     371.3913     287.1931     126.2972
1.4002      655.9446     899.6478     243.7032     1026.8335     370.8889     286.0984     127.1857
1.4290      657.2565     899.6140     242.3575     1027.6764     370.4200     285.0450     128.0624
1.4566      658.5005     899.6478     241.1473     1028.5337     370.0333     284.1093     128.8859
1.4825      659.7331     899.6140     239.8809     1029.2817     369.5486     283.1034     129.6677
1.5143      660.8753     899.6140     238.7387     1030.0117     369.1363     282.2046     130.3977
1.5412      662.0062     899.6140     237.6078     1030.7259     368.7197     281.3117     131.1119
1.5663      663.1824     899.6140     236.4316     1031.4858     368.3034     280.3889     131.8718
1.5913      664.3359     899.5802     235.2443     1032.2549     367.9190     279.4692     132.6747
1.6208      665.4442     899.5802     234.1360     1032.9427     367.4985     278.5902     133.3625
1.6473      666.5638     899.5802     233.0164     1033.7102     367.1464     277.7264     134.1299
1.6738      667.5929     899.5802     231.9873     1034.3469     366.7540     276.9096     134.7667
1.6978      668.6446     899.5464     230.9018     1034.9964     366.3518     276.0518     135.4500
1.7237      669.6398     899.5802     229.9404     1035.6672     366.0273     275.3027     136.0869
1.7487      670.6237     899.5464     228.9227     1036.2386     365.6149     274.4868     136.6922
1.7722      671.5510     899.5802     228.0292     1036.8143     365.2632     273.7739     137.2341
1.8026      672.4784     899.5464     227.0680     1037.3776     364.8993     273.0118     137.8312
1.8344      673.4849     899.5464     226.0615     1038.0373     364.5524     272.2252     138.4909
1.8626      674.4235     899.5464     225.1229     1038.7125     364.2889     271.5116     139.1661
1.8942      675.3735     899.5802     224.2067     1039.3729     363.9994     270.8043     139.7927
1.9233      676.3234     899.5802     223.2568     1039.9269     363.6035     270.0390     140.3467
1.9534      677.2395     899.5464     222.3070     1040.4452     363.2058     269.2732     140.8988
1.9795      678.0198     899.5464     221.5266     1040.9055     362.8857     268.6463     141.3590
2.0066      678.8340     899.5802     220.7462     1041.4518     362.6177     268.0367     141.8716
2.0331      679.6709     899.5464     219.8755     1041.9527     362.2818     267.3443     142.4063
2.0565      680.3721     899.5464     219.1744     1042.3296     361.9576     266.7688     142.7832
2.0838      681.2089     899.5126     218.3037     1042.8828     361.6739     266.0938     143.3702
2.1144      681.9892     899.5126     217.5234     1043.4108     361.4215     265.4894     143.8982
2.1453      682.8261     899.5126     216.6865     1043.9917     361.1656     264.8462     144.4791
2.1803      683.5612     899.5126     215.9514     1044.4260     360.8648     264.2559     144.9133
2.2122      684.3754     899.5126     215.1372     1044.9185     360.5431     263.6058     145.4059
2.2385      685.0879     899.5126     214.4247     1045.3974     360.3095     263.0530     145.8848
2.2650      685.8117     899.4788     213.6671     1045.7880     359.9763     262.4369     146.3091
2.2904      686.5015     899.4788     212.9773     1046.2028     359.7013     261.8853     146.7240
2.3159      687.1688     899.4788     212.3101     1046.5959     359.4272     261.3491     147.1171
2.3456      687.8699     899.4788     211.6089     1047.0471     359.1771     260.7983     147.5682
2.3725      688.6163     899.4788     210.8625     1047.5128     358.8965     260.2072     148.0340
2.4007      689.2609     899.4788     210.2179     1048.0195     358.7586     259.7315     148.5407
2.4300      689.9621     899.4450     209.4830     1048.3935     358.4314     259.1324     148.9485
2.4563      690.6293     899.4450     208.8157     1048.7948     358.1655     258.5990     149.3498
2.4828      691.3079     899.4450     208.1372     1049.1525     357.8446     258.0397     149.7075
2.5091      691.9072     899.5126     207.6054     1049.6532     357.7460     257.6523     150.1406
2.5312      692.4953     899.4788     206.9835     1049.9620     357.4667     257.1446     150.4832
2.5575      693.0494     899.4450     206.3956     1050.3394     357.2899     256.6937     150.8943
2.5876      693.5923     899.4450     205.8528     1050.6798     357.0875     256.2644     151.2348
2.6150      694.2708     899.4450     205.1742     1051.0888     356.8180     255.7222     151.6438
2.6442      694.8815     899.4450     204.5635     1051.5483     356.6668     255.2646     152.1033
2.6697      695.4243     899.4788     204.0545     1051.9614     356.5370     254.8820     152.4825
2.7002      696.0124     899.4113     203.3988     1052.2755     356.2631     254.3536     152.8643
2.7276      696.4987     899.4113     202.9126     1052.5761     356.0774     253.9675     153.1649
2.7535      697.1094     899.4113     202.3019     1052.9862     355.8769     253.4935     153.5750
2.7853      697.6296     899.4450     201.8155     1053.3454     355.7158     253.1156     153.9003
2.8127      698.1159     899.4113     201.2954     1053.6330     355.5171     252.7026     154.2218
2.8426      698.5909     899.4113     200.8204     1053.9180     355.3271     252.3226     154.5068
2.8680      699.1224     899.4113     200.2889     1054.2206     355.0982     251.8920     154.8094
2.8962      699.6878     899.4113     199.7234     1054.6580     354.9702     251.4723     155.2467
2.9215      700.1854     899.3437     199.1582     1054.9037     354.7183     251.0116     155.5600
2.9480      700.6943     899.4113     198.7169     1055.3037     354.6094     250.6811     155.8925
2.9743      701.1919     899.4113     198.2193     1055.6470     354.4551     250.2979     156.2358
3.0012      701.6895     899.4113     197.7217     1055.9891     354.2996     249.9144     156.5779
3.0280      702.1419     899.4113     197.2694     1056.3206     354.1787     249.5725     156.9094
3.0570      702.6056     899.3775     196.7719     1056.5608     353.9553     249.1664     157.1834
3.0833      703.0579     899.3775     196.3195     1056.8498     353.7919     248.8103     157.4724
3.1094      703.5442     899.3775     195.8333     1057.1390     353.5948     248.4204     157.7615
3.1357      703.9739     899.3775     195.4035     1057.4918     353.5178     248.1083     158.1143
3.1618      704.3698     899.3775     195.0077     1057.7913     353.4215     247.8123     158.4138
3.1911      704.8900     899.3775     194.4875     1058.1494     353.2595     247.4115     158.7720
3.2195      705.2858     899.3437     194.0579     1058.3575     353.0717     247.0625     159.0138
3.2467      705.7721     899.3437     193.5716     1058.6973     352.9253     246.6895     159.3537
3.2761      706.1905     899.3099     193.1194     1058.9139     352.7234     246.3207     159.6041
3.3012      706.6316     899.3437     192.7121     1059.2480     352.6164     246.0136     159.9043
3.3268      707.0500     899.3099     192.2599     1059.4812     352.4312     245.6503     160.1713
3.3531      707.4458     899.3099     191.8641     1059.7150     352.2692     245.3325     160.4051
3.3809      707.8303     899.3099     191.4796     1059.8715     352.0412     245.0001     160.5617
3.4055      708.2827     899.3099     191.0272     1060.0439     351.7612     244.6052     160.7340
3.4327      708.7463     899.3099     190.5635     1060.4038     351.6574     244.2615     161.0939
3.4622      709.1535     899.2761     190.1226     1060.6085     351.4551     243.9001     161.3324
3.4912      709.5832     899.2761     189.6929     1060.9009     351.3176     243.5678     161.6248
3.5171      709.9790     899.2761     189.2971     1061.1557     351.1767     243.2569     161.8796
3.5442      710.3975     899.2761     188.8786     1061.4828     351.0854     242.9475     162.2067
3.5754      710.8159     899.2761     188.4602     1061.7284     350.9125     242.6110     162.4523
3.6064      711.1325     899.2761     188.1435     1061.9103     350.7778     242.3550     162.6342
3.6310      711.5170     899.2761     187.7590     1062.1241     350.6071     242.0417     162.8480
3.6539      711.8563     899.2761     187.4198     1062.3513     350.4949     241.7782     163.0752
3.6821      712.1617     899.2085     187.0468     1062.5443     350.3826     241.4921     163.3358
3.7154      712.5575     899.2423     186.6848     1062.8723     350.3148     241.2282     163.6300
3.7415      712.9081     899.2085     186.3004     1063.1023     350.1943     240.9317     163.8938
3.7689      713.2586     899.2423     185.9837     1063.4188     350.1602     240.7092     164.1765
3.7931      713.6092     899.2423     185.6331     1063.7068     350.0976     240.4546     164.4645
3.8204      713.9372     899.2761     185.3389     1063.9486     350.0114     240.2297     164.6725
3.8495      714.2086     899.2423     185.0337     1064.1091     349.9006     239.9893     164.8668
3.8771      714.5705     899.2761     184.7056     1064.3609     349.7904     239.7339     165.0848
3.9087      714.9437     899.2423     184.2986     1064.5486     349.6049     239.4007     165.3063
3.9371      715.2716     899.2761     184.0045     1064.7986     349.5270     239.1786     165.5225
3.9674      715.6109     899.2761     183.6652     1065.0644     349.4535     238.9279     165.7883
3.9969      715.9615     899.2085     183.2470     1065.2532     349.2917     238.5952     166.0447
4.0266      716.2894     899.2085     182.9191     1065.4455     349.1560     238.3314     166.2370
4.0529      716.6400     899.1747     182.5347     1065.7368     349.0968     238.0554     166.5621
4.0820      716.9341     899.2085     182.2744     1065.9425     349.0085     237.8524     166.7340
4.1032      717.1715     899.2423     182.0707     1066.2041     349.0325     237.7247     166.9618
4.1335      717.4317     899.2085     181.7768     1066.3185     348.8869     237.4802     167.1100
4.1674      717.6804     899.2085     181.5281     1066.4815     348.8011     237.2857     167.2730
4.1929      718.0310     899.2085     181.1775     1066.6909     348.6599     237.0049     167.4824
4.2192      718.3251     899.1747     180.8496     1066.9072     348.5821     236.7605     167.7324
4.2453      718.6304     899.2085     180.5781     1067.2546     348.6242     236.5935     168.0461
4.2758      718.9131     899.2423     180.3292     1067.4673     348.5541     236.4042     168.2250
4.3047      719.2298     899.2423     180.0125     1067.7757     348.5459     236.1903     168.5334
4.3299      719.4560     899.1747     179.7187     1067.8643     348.4084     235.9486     168.6896
4.3603      719.8179     899.2085     179.3906     1068.1402     348.3224     235.7012     168.9317
4.3859      720.0440     899.2423     179.1983     1068.3187     348.2746     235.5571     169.0764
4.4110      720.2815     899.2423     178.9608     1068.5593     348.2778     235.3998     169.3170
4.4415      720.5416     899.2423     178.7007     1068.6740     348.1323     235.1779     169.4317
4.4695      720.8017     899.1747     178.3730     1068.8204     348.0186     234.9215     169.6457
4.4945      721.0505     899.1747     178.1242     1069.0711     348.0206     234.7563     169.8964
4.5204      721.2428     899.1747     177.9319     1069.2780     348.0352     234.6330     170.1033
4.5516      721.5934     899.1409     177.5476     1069.4837     347.8903     234.3285     170.3428
4.5802      721.7969     899.1747     177.3778     1069.6665     347.8696     234.2084     170.4918
4.6108      722.0683     899.1409     177.0726     1069.9045     347.8362     233.9938     170.7636
4.6407      722.3171     899.1409     176.8238     1070.0720     347.7549     233.8008     170.9311
4.6695      722.5320     899.1071     176.5751     1070.1865     347.6545     233.6016     171.0794
4.6946      722.7582     899.0733     176.3151     1070.3182     347.5600     233.3968     171.2448
4.7245      722.9504     899.0733     176.1229     1070.4642     347.5138     233.2532     171.3909
4.7533      723.2445     899.1071     175.8626     1070.7510     347.5066     233.0773     171.6439
4.7775      723.4254     899.1071     175.6817     1070.8756     347.4502     232.9379     171.7685
4.8025      723.6742     899.0733     175.3991     1071.0909     347.4167     232.7383     172.0176
4.8297      723.9569     899.0733     175.1164     1071.3045     347.3476     232.5268     172.2312
4.8575      724.1831     899.0395     174.8564     1071.4935     347.3104     232.3411     172.4539
4.8836      724.3867     899.0733     174.6866     1071.7110     347.3243     232.2325     172.6376
4.9149      724.5563     899.0395     174.4832     1071.8406     347.2843     232.0836     172.8011
4.9393      724.8051     899.0057     174.2006     1071.9514     347.1462     231.8492     172.9456
4.9637      725.0313     899.0395     174.0082     1072.1506     347.1193     231.7119     173.1110
4.9909      725.2349     899.0395     173.8047     1072.3528     347.1180     231.5758     173.3133
5.0197      725.4610     899.0395     173.5785     1072.5204     347.0593     231.4054     173.4808
5.0477      725.6872     899.0395     173.3523     1072.7732     347.0860     231.2635     173.7336
5.0730      725.8569     899.0057     173.1489     1072.9761     347.1193     231.1390     173.9704
5.0984      726.0604     899.0057     172.9453     1073.1704     347.1100     231.0002     174.1647
5.1256      726.2753     899.0057     172.7305     1073.2986     347.0233     230.8281     174.2929
5.1574      726.4336     899.0057     172.5721     1073.4391     347.0055     230.7166     174.4333
5.1905      726.6146     899.0057     172.3912     1073.5875     346.9730     230.5851     174.5818
5.2149      726.8407     899.0057     172.1650     1073.7623     346.9216     230.4172     174.7566
5.2422      727.0330     898.9720     171.9390     1073.8873     346.8543     230.2441     174.9153
5.2683      727.1800     899.0057     171.8257     1074.0716     346.8916     230.1810     175.0659
5.2948      727.4175     898.9720     171.5545     1074.2083     346.7908     229.9666     175.2364
5.3171      727.6324     898.9720     171.3396     1074.3866     346.7542     229.8111     175.4147
5.3424      727.8359     899.0057     171.1698     1074.6766     346.8407     229.7268     175.6709
5.3723      728.0508     898.9720     170.9212     1074.8067     346.7559     229.5327     175.8347
5.3984      728.2204     898.9720     170.7515     1074.9775     346.7571     229.4200     176.0056
5.4264      728.3561     898.9720     170.6158     1075.1133     346.7572     229.3296     176.1414
5.4533      728.5032     899.0057     170.5026     1075.2848     346.7816     229.2623     176.2791
5.4813      728.6049     898.9720     170.3670     1075.4283     346.8234     229.1858     176.4564
5.5106      728.7293     898.9720     170.2426     1075.5197     346.7904     229.0919     176.5478
5.5358      728.9668     898.9720     170.0051     1075.6811     346.7143     228.9082     176.7091
5.5619      729.0686     898.9382     169.8696     1075.8174     346.7488     228.8293     176.8793
5.5950      729.3174     898.9382     169.6208     1076.0264     346.7090     228.6502     177.0882
5.6194      729.4418     898.9382     169.4964     1076.1994     346.7576     228.5834     177.2612
5.6474      729.6228     898.9044     169.2816     1076.3838     346.7611     228.4414     177.4794
5.6739      729.7472     898.9382     169.1910     1076.4927     346.7455     228.3758     177.5545
5.6974      729.8602     898.9382     169.0779     1076.6774     346.8171     228.3243     177.7392
5.7257      730.0525     898.9720     168.9195     1076.8349     346.7824     228.2071     177.8629
5.7524      730.1882     898.9720     168.7838     1076.9613     346.7731     228.1135     177.9894
5.7778      730.3691     898.9382     168.5690     1077.0563     346.6871     227.9417     178.1181
5.8043      730.5727     898.9044     168.3317     1077.1907     346.6180     227.7604     178.2863
5.8321      730.7084     898.9044     168.1960     1077.4084     346.7000     227.6973     178.5040
5.8601      730.8667     898.9382     168.0714     1077.5657     346.6990     227.6139     178.6276
5.8890      731.0025     898.9044     167.9019     1077.7993     346.7968     227.5335     178.8949
5.9163      731.1382     898.9044     167.7662     1077.8615     346.7233     227.4186     178.9571
5.9471      731.2399     898.9044     167.6644     1078.0210     346.7811     227.3700     179.1166
5.9749      731.3870     898.9382     167.5512     1078.1264     346.7395     227.2806     179.1883
6.0044      731.5227     898.9382     167.4155     1078.2259     346.7032     227.1781     179.2877
6.0275      731.5905     898.9382     167.3476     1078.3477     346.7572     227.1508     179.4096
6.0544      731.8393     898.9382     167.0988     1078.5141     346.6748     226.9575     179.5759
6.0795      731.9298     898.9044     166.9746     1078.6605     346.7307     226.8933     179.7561
6.1102      732.0768     898.9044     166.8276     1078.8607     346.7839     226.8130     179.9564
6.1384      732.2578     898.8706     166.6128     1079.1148     346.8570     226.6942     180.2442
6.1666      732.3708     898.8706     166.4997     1079.2056     346.8348     226.6114     180.3350
6.1957      732.4613     898.8706     166.4093     1079.3258     346.8645     226.5610     180.4552
6.2248      732.5857     898.8706     166.2849     1079.4459     346.8602     226.4766     180.5753
6.2498      732.6649     898.8368     166.1719     1079.5295     346.8646     226.4028     180.6927
6.2799      732.8345     898.8706     166.0361     1079.7017     346.8672     226.3131     180.8312
6.3079      732.9250     898.8368     165.9118     1079.7587     346.8337     226.2191     180.9219
6.3344      733.0833     898.9044     165.8211     1079.9405     346.8572     226.1665     181.0362
6.3637      733.1964     898.8706     165.6742     1080.0465     346.8501     226.0662     181.1760
6.3915      733.3887     898.9044     165.5157     1080.3469     346.9582     225.9966     181.4425
6.4178      733.4791     898.9044     165.4252     1080.4302     346.9511     225.9339     181.5258
6.4464      733.6261     898.8706     165.2444     1080.5990     346.9729     225.8206     181.7285
6.4748      733.7845     898.9044     165.1199     1080.7841     346.9996     225.7465     181.8797
6.4978      733.8862     898.9044     165.0181     1080.9150     347.0287     225.6883     182.0106
6.5262      733.9993     898.9382     164.9388     1081.0689     347.0695     225.6491     182.1307
6.5574      734.1464     898.8706     164.7242     1081.0540     346.9076     225.4520     182.1834
6.5837      734.1690     898.8368     164.6678     1081.1030     346.9340     225.4232     182.2662
6.6089      734.3838     898.8706     164.4867     1081.3349     346.9511     225.3082     182.4643
6.6380      734.5761     898.8030     164.2269     1081.4682     346.8921     225.1153     182.6652
6.6645      734.6326     898.8030     164.1704     1081.6018     346.9691     225.1033     182.7988
6.6921      734.7005     898.8030     164.1025     1081.7538     347.0533     225.0861     182.9508
6.7207      734.8588     898.8030     163.9442     1081.8521     346.9932     224.9605     183.0491
6.7474      734.9380     898.7692     163.8312     1081.9408     347.0028     224.8884     183.1716
6.7765      734.9832     898.7692     163.7860     1081.9969     347.0137     224.8619     183.2277
6.8013      735.1529     898.7692     163.6163     1082.1539     347.0010     224.7446     183.3847
6.8272      735.2320     898.7692     163.5372     1082.2470     347.0149     224.6964     183.4778
6.8541      735.3225     898.7692     163.4467     1082.3173     346.9948     224.6294     183.5481
6.8817      735.4469     898.8030     163.3561     1082.6051     347.1582     224.6235     183.8021
6.9078      735.6165     898.7692     163.1527     1082.7459     347.1294     224.4782     183.9767
6.9360      735.7748     898.7692     162.9944     1082.9470     347.1721     224.3869     184.1778
6.9695      735.8088     898.7692     162.9604     1083.0449     347.2362     224.3857     184.2757
6.9992      735.8314     898.8368     163.0054     1083.1871     347.3558     224.4555     184.3504
7.0257      735.9445     898.8368     162.8923     1083.2988     347.3543     224.3796     184.4620
7.0529      736.1028     898.8368     162.7340     1083.3988     347.2960     224.2547     184.5620
7.0785      736.1707     898.8030     162.6323     1083.4782     347.3075     224.1907     184.6752
7.1033      736.2611     898.8030     162.5419     1083.5519     347.2908     224.1248     184.7489
7.1277      736.3629     898.8030     162.4401     1083.6469     347.2840     224.0547     184.8439
7.1519      736.4534     898.8030     162.3496     1083.8550     347.4016     224.0336     185.0520
7.1799      736.6230     898.7692     162.1462     1084.0523     347.4293     223.9072     185.2831
7.2088      736.7022     898.7692     162.0670     1084.1996     347.4974     223.8771     185.4304
7.2361      736.7700     898.7692     161.9992     1084.3599     347.5899     223.8627     185.5907
7.2599      736.8153     898.8030     161.9877     1084.4588     347.6435     223.8730     185.6558
7.2885      736.8718     898.7692     161.8974     1084.5007     347.6289     223.8079     185.7315
7.3184      736.9623     898.7692     161.8069     1084.6249     347.6627     223.7588     185.8557
7.3473      737.0301     898.7354     161.7053     1084.6356     347.6054     223.6720     185.9002
7.3755      737.1659     898.7692     161.6033     1084.8070     347.6412     223.6160     186.0378
7.4016      737.2903     898.8030     161.5127     1085.0031     347.7128     223.5794     186.2001
7.4300      737.4260     898.7692     161.3432     1085.2084     347.7825     223.4897     186.4392
7.4580      737.4486     898.7354     161.2868     1085.2817     347.8331     223.4689     186.5463
7.4877      737.5617     898.7354     161.1737     1085.4363     347.8746     223.4074     186.7009
7.5159      737.5730     898.7354     161.1624     1085.4508     347.8778     223.4009     186.7154
7.5462      737.6408     898.7354     161.0946     1085.5631     347.9222     223.3705     186.8277
7.5683      737.7087     898.7354     161.0267     1085.6919     347.9833     223.3456     186.9565
7.5948      737.7992     898.7016     160.9025     1085.7167     347.9176     223.2408     187.0151
7.6243      737.8557     898.7354     160.8797     1085.8540     347.9983     223.2526     187.1186
7.6519      737.9575     898.7692     160.8117     1086.0154     348.0579     223.2271     187.2462
7.6843      738.0480     898.7354     160.6875     1086.1604     348.1124     223.1624     187.4250
7.7121      738.1497     898.7692     160.6195     1086.4026     348.2529     223.1639     187.6334
7.7418      738.2741     898.7016     160.4275     1086.5089     348.2348     223.0299     187.8073
7.7654      738.2854     898.7016     160.4162     1086.5730     348.2875     223.0400     187.8713
7.7938      738.3420     898.7354     160.3934     1086.7219     348.3799     223.0556     187.9865
7.8203      738.4325     898.6678     160.2354     1086.7427     348.3102     222.9270     188.0749
7.8474      738.4777     898.6678     160.1901     1086.7890     348.3113     222.8972     188.1212
7.8771      738.5342     898.7016     160.1674     1086.9147     348.3805     222.9051     188.2131
7.9037      738.6473     898.6340     159.9867     1086.9658     348.3184     222.7639     188.3317
7.9261      738.7491     898.6678     159.9187     1087.1569     348.4077     222.7484     188.4890
7.9533      738.8170     898.6340     159.8171     1087.2504     348.4334     222.6892     188.6163
7.9804      738.9301     898.6340     159.7040     1087.4487     348.5186     222.6422     188.8146
8.0042      738.9640     898.6340     159.6700     1087.5523     348.5883     222.6428     188.9182
8.0379      739.0432     898.6002     159.5571     1087.6116     348.5685     222.5609     189.0114
8.0670      739.0884     898.6340     159.5456     1087.7278     348.6394     222.5769     189.0937
8.0929      739.1675     898.6002     159.4327     1087.8335     348.6659     222.5104     189.2333
8.1177      739.1789     898.6340     159.4552     1087.9480     348.7692     222.5598     189.3140
8.1450      739.2693     898.5665     159.2971     1087.9660     348.6967     222.4303     189.3996
8.1739      739.3598     898.6002     159.2404     1088.1025     348.7427     222.4079     189.5023
8.2042      739.4503     898.5665     159.1162     1088.2189     348.7686     222.3337     189.6525
8.2286      739.5860     898.5665     158.9805     1088.4522     348.8662     222.2757     189.8857
8.2587      739.5973     898.6340     159.0367     1088.6600     349.0627     222.3787     190.0259
8.2878      739.6765     898.6340     158.9576     1088.7111     349.0347     222.3166     190.0771
8.3181      739.7330     898.6678     158.9348     1088.8136     349.0806     222.3168     190.1458
8.3519      739.8122     898.6340     158.8219     1088.9324     349.1203     222.2547     190.2984
8.3782      739.8574     898.6002     158.7428     1088.9148     349.0574     222.1810     190.3146
8.4062      739.9253     898.6340     158.7088     1089.0421     349.1169     222.1781     190.4081
8.4325      739.9818     898.6340     158.6522     1089.1997     349.2179     222.1741     190.5657
8.4634      740.0723     898.5665     158.4942     1089.1990     349.1267     222.0384     190.6326
8.4946      740.1741     898.6002     158.4262     1089.4507     349.2766     222.0430     190.8504
8.5235      740.2419     898.6002     158.3583     1089.6228     349.3809     222.0325     191.0225
8.5549      740.2645     898.6002     158.3357     1089.6884     349.4239     222.0318     191.0882
8.5795      740.2758     898.6002     158.3244     1089.7985     349.5226     222.0572     191.1982
8.6072      740.3437     898.5665     158.2228     1089.9184     349.5747     222.0068     191.3520
8.6327      740.3889     898.5665     158.1775     1089.9559     349.5670     221.9740     191.3894
8.6599      740.4455     898.5665     158.1210     1090.0603     349.6149     221.9523     191.4939
8.6836      740.5133     898.5665     158.0531     1090.1819     349.6686     221.9249     191.6154
8.7063      740.5359     898.5665     158.0305     1090.2350     349.6991     221.9200     191.6686
8.7369      740.6377     898.5327     157.8949     1090.2983     349.6606     221.8168     191.7656
8.7621      740.7960     898.5327     157.7366     1090.5172     349.7211     221.7315     191.9845
8.7861      740.8187     898.5327     157.7140     1090.7386     349.9199     221.7826     192.2059
8.8147      740.8752     898.5327     157.6575     1090.7789     349.9037     221.7395     192.2463
8.8423      740.9431     898.5327     157.5896     1090.9824     350.0393     221.7395     192.4497
8.8675      740.9318     898.5327     157.6009     1091.0398     350.1080     221.7699     192.5071
8.9010      740.9657     898.4989     157.5332     1091.0458     350.0801     221.7155     192.5469
8.9290      741.0448     898.4989     157.4540     1091.1877     350.1428     221.6836     192.6888
8.9541      741.1014     898.4989     157.3975     1091.2051     350.1037     221.6329     192.7062
8.9823      741.1353     898.4989     157.3636     1091.3061     350.1708     221.6326     192.8072
9.0075      741.2258     898.5327     157.3069     1091.5476     350.3218     221.6452     193.0149
9.0398      741.3276     898.4989     157.1713     1091.6763     350.3487     221.5638     193.1774
9.0684      741.2823     898.5665     157.2841     1091.7835     350.5011     221.6898     193.2170
9.0972      741.4067     898.5327     157.1259     1091.9392     350.5325     221.5948     193.4066
9.1280      741.3954     898.5327     157.1372     1091.9741     350.5787     221.6177     193.4414
9.1528      741.4746     898.4989     157.0243     1092.0680     350.5934     221.5473     193.5691
9.1787      741.4972     898.4651     156.9679     1092.0592     350.5620     221.4993     193.5942
9.2069      741.5085     898.4651     156.9566     1092.1394     350.6309     221.5147     193.6743
9.2338      741.5424     898.4651     156.9226     1092.1721     350.6297     221.4917     193.7070
9.2610      741.6668     898.4989     156.8320     1092.4084     350.7416     221.4685     193.9095
9.2871      741.7347     898.4989     156.7642     1092.5930     350.8583     221.4622     194.0941
9.3136      741.7234     898.4989     156.7755     1092.6563     350.9330     221.4946     194.1575
9.3401      741.8591     898.4651     156.6060     1092.7960     350.9369     221.3829     194.3309
9.3736      741.7912     898.4989     156.7076     1092.8679     351.0767     221.4973     194.3691
9.4048      741.8704     898.4313     156.5609     1092.9735     351.1031     221.4083     194.5422
9.4360      741.9156     898.4989     156.5832     1093.1241     351.2084     221.4583     194.6252
9.4612      741.9043     898.4651     156.5607     1093.0560     351.1517     221.4244     194.5909
9.4897      741.9383     898.4313     156.4930     1093.1310     351.1927     221.3929     194.6997
9.5113      741.9948     898.4313     156.4365     1093.3441     351.3493     221.4074     194.9129
9.5395      742.0853     898.3975     156.3122     1093.3794     351.2941     221.3062     194.9819
9.5660      742.1305     898.4651     156.3346     1093.6094     351.4789     221.3827     195.1444
9.5959      742.1984     898.4651     156.2667     1093.7644     351.5661     221.3665     195.2994
9.6237      742.1871     898.4651     156.2780     1093.8241     351.6371     221.3977     195.3591
9.6568      742.2097     898.4651     156.2554     1093.9521     351.7424     221.4177     195.4870
9.6867      742.2436     898.4651     156.2215     1093.9671     351.7235     221.3888     195.5020
9.7149      742.1984     898.4989     156.3005     1094.0494     351.8511     221.4840     195.5506
9.7406      742.3115     898.6340     156.3226     1094.2087     351.8973     221.5141     195.5747
9.7654      742.3454     898.7354     156.3900     1094.4754     352.1301     221.6367     195.7400
9.7938      742.3793     898.7692     156.3899     1094.6567     352.2774     221.6857     195.8875
9.8237      742.4245     898.9044     156.4798     1094.9160     352.4915     221.8171     196.0117
9.8541      742.5716     898.9044     156.3328     1095.0392     352.4676     221.7111     196.1348
9.8814      742.5829     898.8368     156.2539     1095.0613     352.4784     221.6621     196.2245
9.9065      742.6394     898.8706     156.2312     1095.2693     352.6299     221.6974     196.3987
9.9353      742.6620     898.8030     156.1410     1095.2183     352.5563     221.6127     196.4153
9.9690      742.7073     898.7354     156.0281     1095.2163     352.5091     221.5218     196.4809
9.9922      742.6507     898.8706     156.2199     1095.4103     352.7596     221.7331     196.5398
10.0170     742.7299     898.8030     156.0731     1095.4972     352.7673     221.6378     196.6942
10.0456     742.7412     898.8030     156.0618     1095.5438     352.8026     221.6421     196.7408
10.0717     742.7751     898.7354     155.9603     1095.5680     352.7929     221.5712     196.8326
10.1018     742.9561     898.7016     155.7456     1095.7561     352.8000     221.4304     197.0545
10.1315     742.8882     898.8368     155.9486     1095.9650     353.0768     221.6580     197.1283
10.1551     742.9108     898.8368     155.9260     1096.0919     353.1811     221.6777     197.2551
10.1837     743.0239     898.9044     155.8805     1096.3147     353.2908     221.6839     197.4104
10.2138     743.0692     898.9382     155.8690     1096.4409     353.3718     221.7033     197.5027
10.2450     743.0692     898.9382     155.8690     1096.3525     353.2833     221.6738     197.4143
10.2728     743.0352     898.9382     155.9029     1096.4994     353.4641     221.7567     197.5612
10.3012     743.1257     898.9382     155.8125     1096.4962     353.3705     221.6651     197.5580
10.3284     743.1370     898.9044     155.7674     1096.5808     353.4438     221.6595     197.6764
10.3521     743.2162     898.9044     155.6882     1096.7857     353.5695     221.6486     197.8813
10.3782     743.2953     898.9044     155.6090     1096.8666     353.5713     221.5964     197.9622
10.4005     743.3406     898.8706     155.5300     1097.0507     353.7101     221.5900     198.1801
10.4319     743.3632     898.8706     155.5074     1097.1394     353.7762     221.5970     198.2688
10.4592     743.3066     898.9044     155.5977     1097.2807     353.9740     221.7232     198.3763
10.4868     743.2727     898.9044     155.6317     1097.2196     353.9468     221.7367     198.3152
10.5108     743.3066     898.9044     155.5977     1097.2652     353.9586     221.7180     198.3609
10.5362     743.3745     898.9382     155.5637     1097.4401     354.0656     221.7310     198.5020
10.5638     743.3745     898.9720     155.5975     1097.5213     354.1468     221.7806     198.5494
10.5895     743.4424     898.9720     155.5296     1097.6124     354.1700     221.7431     198.6404
10.6156     743.5102     898.9720     155.4618     1097.7912     354.2810     221.7348     198.8193
10.6429     743.4876     899.0057     155.5182     1097.9417     354.4541     221.8301     198.9359
10.6760     743.5554     899.0395     155.4841     1098.0596     354.5041     221.8241     199.0200
10.7066     743.5781     898.9720     155.3939     1098.1211     354.5430     221.7769     199.1491
10.7320     743.5894     899.0057     155.4164     1098.1868     354.5974     221.8101     199.1810
10.7611     743.6459     898.9720     155.3260     1098.2359     354.5900     221.7474     199.2639
10.7870     743.5781     898.9720     155.3939     1098.2470     354.6690     221.8189     199.2751
10.8181     743.6459     899.1071     155.4612     1098.5095     354.8635     221.9287     199.4023
10.8476     743.8155     899.1747     155.3592     1098.6686     354.8530     221.8571     199.4939
10.8775     743.7816     899.1747     155.3931     1098.7295     354.9479     221.9114     199.5548
10.9057     743.8269     899.1409     155.3141     1098.8784     355.0516     221.8932     199.7375
10.9323     743.8834     899.0733     155.1899     1098.8301     354.9467     221.7755     199.7567
10.9571     743.8834     899.0733     155.1899     1099.0005     355.1171     221.8323     199.9271
10.9872     743.8947     899.1071     155.2124     1099.0354     355.1407     221.8552     199.9283
11.0137     743.8495     899.1409     155.2914     1099.1570     355.3075     221.9635     200.0161
11.0421     743.8834     899.1409     155.2575     1099.2011     355.3177     221.9442     200.0602
11.0737     743.9852     899.1409     155.1557     1099.2675     355.2823     221.8646     200.1265
11.0996     744.0304     899.1071     155.0767     1099.3226     355.2922     221.8152     200.2155
11.1297     744.0078     899.1747     155.1669     1099.4303     355.4225     221.9188     200.2556
11.1537     744.1435     899.2085     155.0650     1099.6651     355.5215     221.8838     200.4566
11.1789     744.1548     899.2085     155.0537     1099.7846     355.6298     221.9124     200.5761
11.2080     744.1322     899.2761     155.1439     1099.9728     355.8406     222.0428     200.6967
11.2347     744.1548     899.3099     155.1551     1100.0245     355.8697     222.0599     200.7147
11.2602     744.1887     899.2761     155.0873     1100.0899     355.9012     222.0253     200.8138
11.2839     744.1322     899.3099     155.1777     1100.1581     356.0259     222.1271     200.8482
11.3109     744.2114     899.2423     155.0309     1100.1959     355.9846     222.0155     200.9536
11.3402     744.2905     899.2085     154.9180     1100.2035     355.9129     221.9163     200.9950
11.3703     744.1887     899.2085     155.0198     1100.2330     356.0443     222.0279     201.0245
11.3923     744.2453     899.2085     154.9632     1100.3101     356.0648     221.9971     201.1016
11.4208     744.3358     899.2761     154.9403     1100.5283     356.1926     222.0244     201.2522
11.4496     744.3471     899.3099     154.9628     1100.7116     356.3645     222.0967     201.4017
11.4793     744.3584     899.3437     154.9853     1100.7853     356.4270     222.1325     201.4417
11.5120     744.4149     899.3099     154.8950     1100.8823     356.4674     222.0858     201.5725
11.5415     744.3358     899.3099     154.9741     1100.9323     356.5966     222.1816     201.6225
11.5671     744.4602     899.4450     154.9849     1101.1847     356.7246     222.2314     201.7397
11.5909     744.4149     899.4450     155.0301     1101.2281     356.8132     222.2911     201.7831
11.6170     744.4036     899.4113     155.0076     1101.2031     356.7994     222.2716     201.7918
11.6435     744.4602     899.3099     154.8497     1101.1678     356.7076     222.1357     201.8579
11.6662     744.4715     899.3437     154.8722     1101.2962     356.8247     222.1897     201.9525
11.6918     744.5619     899.3775     154.8155     1101.4663     356.9043     222.1784     202.0888
11.7204     744.5054     899.2761     154.7707     1101.4945     356.9891     222.1768     202.2184
11.7530     744.5959     899.2761     154.6802     1101.5659     356.9700     222.1102     202.2898
11.7819     744.4828     899.2761     154.7933     1101.5678     357.0850     222.2239     202.2917
11.8147     744.4602     899.2761     154.8159     1101.6287     357.1685     222.2668     202.3526
11.8414     744.4941     899.2761     154.7820     1101.7038     357.2097     222.2579     202.4277
11.8642     744.5054     899.3099     154.8045     1101.7339     357.2285     222.2792     202.4241
11.8898     744.5393     899.3099     154.7706     1101.8209     357.2816     222.2742     202.5110
11.9186     744.5733     899.2761     154.7028     1101.7307     357.1575     222.1877     202.4547
11.9487     744.4715     899.2761     154.8046     1101.4476     356.9762     222.1951     202.1715
11.9780     744.5733     899.2761     154.7028     1101.3027     356.7295     222.0451     202.0267
12.0090     744.6750     899.3099     154.6348     1101.0809     356.4058     221.8918     201.7710
12.0364     744.7655     899.2423     154.4768     1100.7756     356.0101     221.6546     201.5333
12.0654     744.8220     899.2761     154.4540     1100.6556     355.8335     221.5805     201.3795
12.0921     744.9578     899.2761     154.3183     1100.5945     355.6367     221.4244     201.3184
12.1141     745.0256     899.3099     154.2843     1100.7621     355.7365     221.4350     201.4523
12.1373     745.0369     899.3775     154.3405     1100.8348     355.7979     221.4930     201.4574
12.1668     745.0369     899.4113     154.3743     1100.8784     355.8415     221.5300     201.4671
12.1922     745.1500     899.3775     154.2274     1100.9997     355.8497     221.4349     201.6223
12.2166     745.2179     899.3437     154.1258     1101.1618     355.9439     221.3985     201.8181
12.2493     745.1952     899.3099     154.1146     1101.1981     356.0028     221.4107     201.8882
12.2746     745.2292     899.2761     154.0469     1101.2708     356.0416     221.3785     201.9947
12.3055     745.2857     899.2761     153.9904     1101.2963     356.0106     221.3304     202.0202
12.3357     745.3083     899.2423     153.9340     1101.3477     356.0394     221.3024     202.1054
12.3645     745.2405     899.2761     154.0356     1101.4120     356.1715     221.4142     202.1359
12.4012     745.2179     899.2085     153.9906     1101.3952     356.1773     221.3862     202.1867
12.4236     745.2066     899.2085     154.0019     1101.3916     356.1851     221.3963     202.1831
12.4505     745.2292     899.2085     153.9793     1101.4650     356.2358     221.3982     202.2565
12.4754     745.3423     899.1747     153.8324     1101.5378     356.1956     221.2868     202.3631
12.5012     745.3536     899.1409     153.7873     1101.6954     356.3419     221.3055     202.5545
12.5244     745.3423     899.2085     153.8662     1101.8252     356.4830     221.4051     202.6167
12.5533     745.3196     899.1747     153.8551     1101.8983     356.5787     221.4296     202.7236
12.5886     745.2857     899.1747     153.8890     1101.9032     356.6175     221.4652     202.7285
12.6169     745.3083     899.1747     153.8664     1101.9823     356.6740     221.4689     202.8076
12.6474     745.2970     899.2085     153.9115     1102.0128     356.7157     221.5129     202.8043
12.6761     745.2518     899.1747     153.9229     1101.9992     356.7474     221.5311     202.8244
12.6966     745.2857     899.1747     153.8890     1102.1059     356.8201     221.5327     202.9311
12.7163     745.3310     899.1747     153.8438     1102.1755     356.8445     221.5107     203.0008
12.7455     745.3988     899.1747     153.7759     1102.3677     356.9689     221.5069     203.1930
12.7762     745.3536     899.1409     153.7873     1102.3973     357.0437     221.5395     203.2564
12.8089     745.3083     899.1409     153.8326     1102.4846     357.1763     221.6138     203.3437
12.8360     745.2857     899.1409     153.8552     1102.5175     357.2318     221.6474     203.3766
12.8635     745.2857     899.1409     153.8552     1102.5785     357.2928     221.6677     203.4376
12.8879     745.2744     899.1409     153.8665     1102.6178     357.3433     221.6921     203.4768
12.9119     745.2744     899.1071     153.8327     1102.6528     357.3784     221.6813     203.5457
12.9380     745.2292     899.1071     153.8780     1102.6591     357.4299     221.7286     203.5520
12.9634     745.2179     899.0733     153.8555     1102.7003     357.4825     221.7311     203.6270
12.9932     745.2744     899.0733     153.7989     1102.7843     357.5099     221.7026     203.7109
13.0165     745.2518     899.0733     153.8215     1102.9122     357.6604     221.7678     203.8388
13.0410     745.2744     899.0733     153.7989     1103.0275     357.7531     221.7837     203.9542
13.0770     745.2292     899.1071     153.8780     1103.1112     357.8821     221.8793     204.0041
13.1039     745.2066     899.0733     153.8668     1103.1487     357.9421     221.8919     204.0753
13.1339     745.2179     899.0395     153.8217     1103.1404     357.9225     221.8553     204.1008
13.1608     745.1726     899.1071     153.9345     1103.2214     358.0488     221.9726     204.1143
13.1850     745.1274     899.0057     153.8784     1103.1685     358.0411     221.9326     204.1628
13.2104     745.1500     899.0395     153.8895     1103.2000     358.0500     221.9430     204.1605
13.2377     745.1726     899.0733     153.9007     1103.3038     358.1312     221.9775     204.2305
13.2650     745.1952     899.0395     153.8443     1103.4641     358.2689     221.9858     204.4246
13.2925     745.1613     899.0395     153.8782     1103.5141     358.3528     222.0364     204.4746
13.3199     745.1500     899.0395     153.8895     1103.5453     358.3953     222.0581     204.5058
13.3554     745.1726     899.0057     153.8331     1103.6478     358.4751     222.0471     204.6420
13.3824     745.1048     899.0733     153.9686     1103.7375     358.6328     222.1900     204.6642
13.4110     745.1274     899.0395     153.9121     1103.7125     358.5852     222.1365     204.6730
13.4361     745.1387     899.0395     153.9008     1103.8063     358.6676     222.1564     204.7668
13.4636     745.0822     899.0057     153.9236     1103.7361     358.6539     222.1670     204.7304
13.4925     745.0595     899.0057     153.9462     1103.7823     358.7228     222.2051     204.7765
13.5182     745.0708     899.0057     153.9349     1103.8932     358.8224     222.2307     204.8875
13.5457     745.0935     899.0057     153.9123     1104.0381     358.9446     222.2564     205.0323
13.5709     745.0935     898.9720     153.8785     1104.0590     358.9656     222.2408     205.0871
13.5962     745.0822     898.9720     153.8898     1104.1992     359.1171     222.2989     205.2273
13.6231     745.0143     898.9720     153.9577     1104.2116     359.1973     222.3709     205.2396
13.6543     745.0369     898.9382     153.9012     1104.2752     359.2383     222.3469     205.3371
13.6853     744.9917     898.9044     153.9127     1104.2058     359.2141     222.3465     205.3014
13.7138     744.9238     898.9382     154.0143     1104.2860     359.3622     222.4636     205.3479
13.7415     744.9464     898.9382     153.9917     1104.2584     359.3119     222.4318     205.3202
13.7668     745.0030     898.9044     153.9014     1104.2689     359.2659     222.3562     205.3646
13.7969     745.0143     898.9044     153.8901     1104.4543     359.4400     222.4067     205.5499
13.8243     744.9578     899.0057     154.0480     1104.5949     359.6372     222.5777     205.5892
13.8533     745.0143     899.0057     153.9914     1104.7158     359.7015     222.5615     205.7101
13.8774     744.9804     898.9382     153.9578     1104.7334     359.7530     222.5562     205.7952
13.9044     744.9464     898.9382     153.9917     1104.7543     359.8078     222.5971     205.8161
13.9291     744.9125     898.9044     153.9919     1104.7185     359.8060     222.5966     205.8141
13.9543     744.8786     898.8706     153.9920     1104.7289     359.8503     222.6114     205.8583
13.9836     744.8673     898.8706     154.0033     1104.7444     359.8771     222.6279     205.8738
14.0100     744.8673     898.8706     154.0033     1104.8045     359.9373     222.6479     205.9340
14.0383     744.9125     898.8706     153.9581     1104.8887     359.9762     222.6308     206.0181
14.0685     744.8334     898.9720     154.1386     1105.0219     360.1886     222.8219     206.0500
14.0994     744.9012     899.0733     154.1721     1105.2863     360.3851     222.9098     206.2130
14.1308     744.8107     899.1747     154.3640     1105.3502     360.5394     223.0891     206.1755
14.1615     744.8220     899.1409     154.3189     1105.4132     360.5911     223.0763     206.2723
14.1875     744.8560     899.1409     154.2849     1105.4454     360.5894     223.0531     206.3044
14.2174     744.7542     899.2423     154.4881     1105.5979     360.8437     223.2733     206.3556
14.2454     744.7429     899.1747     154.4318     1105.5295     360.7866     223.2167     206.3548
14.2682     744.7881     899.1071     154.3190     1105.4920     360.7039     223.1140     206.3849
14.2947     744.7316     899.1409     154.4093     1105.6512     360.9196     223.2461     206.5103
14.3195     744.7429     899.0733     154.3304     1105.5807     360.8378     223.1662     206.5073
14.3431     744.7429     899.0733     154.3304     1105.7413     360.9984     223.2198     206.6679
14.3729     744.7881     899.1071     154.3190     1105.8260     361.0379     223.2253     206.7189
14.3981     744.6750     899.0733     154.3983     1105.8165     361.1415     223.3127     206.7432
14.4235     744.7316     899.1747     154.4431     1106.0360     361.3045     223.3969     206.8613
14.4527     744.7203     899.1071     154.3869     1105.9733     361.2530     223.3422     206.8662
14.4785     744.7090     899.1409     154.4320     1106.0298     361.3209     223.3949     206.8889
14.5084     744.6977     899.0733     154.3757     1105.9559     361.2582     223.3365     206.8826
14.5337     744.6185     899.1071     154.4886     1106.0699     361.4514     223.4762     206.9628
14.5575     744.6524     899.1071     154.4547     1106.0784     361.4259     223.4451     206.9712
14.5865     744.7090     899.0733     154.3644     1106.1629     361.4540     223.3942     207.0896
14.6147     744.6411     899.0395     154.3984     1106.2020     361.5609     223.4526     207.1624
14.6436     744.6298     899.0057     154.3760     1106.2678     361.6380     223.4633     207.2621
14.6742     744.6298     899.0057     154.3760     1106.2782     361.6484     223.4668     207.2725
14.7010     744.7203     898.9720     154.2517     1106.3394     361.6191     223.3742     207.3674
14.7255     744.5506     899.0057     154.4551     1106.3700     361.8193     223.5765     207.3642
14.7527     744.5733     899.0057     154.4325     1106.3792     361.8060     223.5570     207.3735
14.7801     744.5506     899.0395     154.4889     1106.4404     361.8898     223.6225     207.4009
14.8068     744.5506     899.0395     154.4889     1106.4883     361.9377     223.6385     207.4488
14.8339     744.5846     899.0395     154.4550     1106.5256     361.9411     223.6170     207.4861
14.8651     744.5959     899.0395     154.4437     1106.6848     362.0889     223.6587     207.6452
14.8924     744.5280     898.9720     154.4439     1106.6632     362.1352     223.6743     207.6912
14.9238     744.5167     898.9720     154.4552     1106.6805     362.1638     223.6914     207.7085
14.9547     744.5167     899.0057     154.4890     1106.8077     362.2910     223.7564     207.8020
14.9802     744.4375     899.0395     154.6020     1106.8263     362.3888     223.8643     207.7868
15.0061     744.4941     899.1071     154.6130     1106.9432     362.4491     223.8917     207.8361
15.0351     744.4715     899.1071     154.6357     1106.9848     362.5133     223.9282     207.8776
15.0633     744.4715     899.1071     154.6357     1106.9345     362.4631     223.9115     207.8274
15.0897     744.4149     899.0733     154.6584     1106.9674     362.5525     223.9564     207.8941
15.1176     744.4489     899.0733     154.6245     1107.0958     362.6469     223.9653     208.0224
15.1439     744.4941     899.0733     154.5792     1107.1624     362.6683     223.9423     208.0891
15.1700     744.4149     899.0733     154.6584     1107.1640     362.7490     224.0219     208.0906
15.1988     744.4828     899.0395     154.5568     1107.2279     362.7452     223.9529     208.1884
15.2289     744.4489     899.0395     154.5907     1107.2571     362.8082     223.9965     208.2175
15.2556     744.3018     899.1409     154.8391     1107.4051     363.1032     224.2605     208.2642
15.2835     744.3584     899.1747     154.8163     1107.4451     363.0867     224.2398     208.2704
15.3100     744.3471     899.1071     154.7601     1107.3593     363.0122     224.1774     208.2522
15.3339     744.3358     899.0733     154.7376     1107.3226     362.9868     224.1540     208.2493
15.3638     744.3923     899.0395     154.6472     1107.3929     363.0006     224.0984     208.3534
15.3922     744.3697     899.0057     154.6361     1107.4293     363.0596     224.1106     208.4236
15.4222     744.3245     899.0057     154.6813     1107.5047     363.1802     224.1809     208.4989
15.4487     744.3471     898.9720     154.6249     1107.6110     363.2640     224.1712     208.6391
15.4762     744.2905     898.9720     154.6814     1107.5617     363.2711     224.2113     208.5897
15.5028     744.2566     898.9382     154.6816     1107.5556     363.2990     224.2207     208.6174
15.5326     744.2453     898.9382     154.6929     1107.5660     363.3207     224.2355     208.6278
15.5578     744.2114     898.9382     154.7268     1107.5316     363.3202     224.2579     208.5934
15.5833     744.2227     898.9382     154.7155     1107.5804     363.3578     224.2629     208.6423
15.6109     744.1435     898.9720     154.8284     1107.6111     363.4676     224.3748     208.6392
15.6413     744.1774     898.9382     154.7607     1107.5955     363.4181     224.3132     208.6574
15.6651     744.1774     898.9382     154.7607     1107.6668     363.4893     224.3369     208.7286
15.6934     744.2001     898.9382     154.7381     1107.7829     363.5829     224.3530     208.8447
15.7239     744.1322     898.9382     154.8060     1107.7632     363.6310     224.4143     208.8250
15.7496     744.1209     898.9720     154.8511     1107.9006     363.7797     224.4939     208.9286
15.7787     744.0983     898.9720     154.8737     1107.9121     363.8138     224.5204     208.9401
15.8075     744.0191     898.9382     154.9191     1107.8535     363.8344     224.5575     208.9153
15.8389     744.0191     898.9720     154.9528     1107.9115     363.8924     224.5994     208.9395
15.8649     744.0530     898.9720     154.9189     1107.9305     363.8774     224.5718     208.9585
15.8914     744.0417     898.9382     154.8964     1107.9888     363.9471     224.5800     209.0507
15.9167     744.0191     898.9044     154.8853     1107.9943     363.9752     224.5819     209.0899
15.9456     744.0983     898.9044     154.8061     1108.0801     363.9818     224.5313     209.1757
15.9761     743.9852     898.9382     154.9530     1108.0844     364.0992     224.6684     209.1462
16.0020     743.9286     898.9044     154.9757     1108.0602     364.1315     224.6943     209.1558
16.0313     743.9626     898.9044     154.9418     1108.0893     364.1267     224.6701     209.1849
16.0586     743.8834     898.9044     155.0210     1108.0768     364.1934     224.7451     209.1725
16.0863     743.8947     898.8706     154.9759     1108.0482     364.1535     224.7018     209.1776
16.1140     743.8947     898.8706     154.9759     1108.0438     364.1491     224.7003     209.1732
16.1411     743.8834     898.9044     155.0210     1108.1397     364.2563     224.7661     209.2354
16.1712     743.8495     898.9382     155.0887     1108.1354     364.2860     224.8211     209.1973
16.1975     743.8834     898.9044     155.0210     1108.2766     364.3932     224.8117     209.3722
16.2303     743.8155     898.9044     155.0888     1108.2315     364.4159     224.8645     209.3271
16.2610     743.7816     898.8706     155.0890     1108.2597     364.4781     224.8853     209.3891
16.2885     743.7477     898.8706     155.1229     1108.2739     364.5262     224.9240     209.4034
16.3172     743.7138     898.8706     155.1568     1108.2391     364.5253     224.9463     209.3685
16.3421     743.6572     898.8368     155.1796     1108.1802     364.5229     224.9607     209.3434
16.3701     743.6572     898.8706     155.2134     1108.2731     364.6159     225.0142     209.4025
16.3957     743.6120     898.8368     155.2248     1108.1566     364.5446     224.9981     209.3198
16.4165     743.5328     898.8706     155.3378     1108.1568     364.6240     225.0998     209.2862
16.4401     743.5781     898.8368     155.2587     1108.1932     364.6151     225.0442     209.3564
16.4679     743.5894     898.8368     155.2474     1108.2250     364.6356     225.0435     209.3882
16.4935     743.5328     898.8030     155.2702     1108.2467     364.7139     225.0847     209.4437
16.5205     743.5668     898.8030     155.2362     1108.2436     364.6769     225.0498     209.4406
16.5516     743.4650     898.8368     155.3718     1108.3005     364.8356     225.1931     209.4637
16.5830     743.4197     898.8030     155.3833     1108.2156     364.7958     225.1874     209.4126
16.6087     743.4537     898.8368     155.3831     1108.2493     364.7957     225.1873     209.4126
16.6369     743.3858     898.8030     155.4172     1108.0527     364.6669     225.1671     209.2497
16.6585     743.2727     898.8706     155.5979     1108.0568     364.7841     225.3266     209.1862
16.6846     743.1596     898.8706     155.7110     1107.8809     364.7213     225.3811     209.0103
16.7171     742.9334     898.8706     155.9371     1107.3582     364.4248     225.4330     208.4877
16.7478     742.9221     898.8030     155.8809     1107.0299     364.1077     225.2898     208.2269
16.7754     742.8995     898.8368     155.9373     1106.9671     364.0676     225.3140     208.1303
16.8066     742.9221     898.8030     155.8809     1106.8554     363.9332     225.2316     208.0524
16.8316     742.8430     898.8030     155.9600     1106.7101     363.8672     225.2624     207.9071
16.8598     742.8317     898.8030     155.9713     1106.6213     363.7896     225.2441     207.8183
16.8859     742.7864     898.8030     156.0166     1106.4460     363.6595     225.2309     207.6430
16.9114     742.7638     898.8368     156.0730     1106.3978     363.6340     225.2600     207.5610
16.9428     742.7186     898.8030     156.0844     1106.2306     363.5120     225.2270     207.4276
16.9680     742.7299     898.8368     156.1069     1106.2013     363.4715     225.2284     207.3646
16.9958     742.8090     898.8030     155.9939     1106.1989     363.3899     225.1259     207.3959
17.0249     742.7638     898.8030     156.0392     1106.1172     363.3534     225.1439     207.3142
17.0533     742.6620     898.8030     156.1410     1106.0553     363.3933     225.2251     207.2523
17.0836     742.6620     898.7692     156.1072     1105.8908     363.2288     225.1477     207.1216
17.1080     742.5489     898.7692     156.2203     1105.7750     363.2260     225.2222     207.0058
17.1377     742.5150     898.7692     156.2542     1105.6276     363.1126     225.2070     206.8584
17.1704     742.4585     898.7692     156.3107     1105.4547     362.9962     225.2059     206.6855
17.1999     742.3793     898.7692     156.3899     1105.2897     362.9104     225.2301     206.5205
17.2266     742.3454     898.7692     156.4238     1105.1225     362.7771     225.2083     206.3533
17.2578     742.3454     898.7354     156.3900     1105.0019     362.6565     225.1455     206.2665
17.2826     742.3001     898.7692     156.4691     1104.9190     362.6189     225.1857     206.1498
17.3091     742.2662     898.7354     156.4692     1104.7918     362.5255     225.1546     206.0563
17.3337     742.1984     898.7354     156.5371     1104.5936     362.3952     225.1564     205.8582
17.3606     742.1418     898.7692     156.6274     1104.5329     362.3911     225.2153     205.7637
17.3859     742.0966     898.7354     156.6388     1104.3542     362.2576     225.1784     205.6188
17.4130     742.0853     898.7354     156.6501     1104.2228     362.1375     225.1459     205.4874
17.4396     742.0174     898.7016     156.6842     1104.0410     362.0236     225.1307     205.3394
17.4625     741.9722     898.7354     156.7632     1103.8903     361.9181     225.1482     205.1549
17.4956     741.9383     898.7354     156.7972     1103.7534     361.8151     225.1365     205.0180
17.5276     741.9269     898.7016     156.7747     1103.5945     361.6675     225.0723     204.8929
17.5556     741.8930     898.7016     156.8086     1103.5340     361.6410     225.0861     204.8324
17.5846     741.8365     898.7016     156.8651     1103.3254     361.4889     225.0731     204.6238
17.6133     741.8591     898.7016     156.8425     1103.2270     361.3679     225.0177     204.5254
17.6440     741.8478     898.7016     156.8538     1103.1234     361.2756     224.9944     204.4217
17.6759     741.7460     898.6678     156.9218     1102.8834     361.1374     224.9937     204.2155
17.7051     741.7460     898.6678     156.9218     1102.7472     361.0012     224.9483     204.0793
17.7278     741.6442     898.7016     157.0574     1102.5430     360.8988     225.0045     203.8414
17.7552     741.6216     898.7016     157.0800     1102.4208     360.7992     224.9864     203.7192
17.7851     741.5990     898.6340     157.0351     1102.1884     360.5894     224.8865     203.5543
17.8099     741.6555     898.7016     157.0461     1102.2217     360.5662     224.8861     203.5201
17.8318     741.5990     898.6678     157.0688     1102.0703     360.4714     224.8697     203.4025
17.8615     741.5651     898.6678     157.1028     1101.9152     360.3502     224.8519     203.2474
17.8960     741.5424     898.6678     157.1254     1101.7934     360.2510     224.8339     203.1256
17.9240     741.4633     898.7016     157.2383     1101.6855     360.2222     224.8996     202.9838
17.9501     741.4859     898.6678     157.1819     1101.4875     360.0016     224.7885     202.8197
17.9785     741.4633     898.6340     157.1708     1101.3382     359.8749     224.7388     202.7042
18.0074     741.4180     898.6340     157.2160     1101.1492     359.7312     224.7211     202.5152
18.0318     741.3389     898.6678     157.3290     1100.9871     359.6482     224.7687     202.3192
18.0581     741.3841     898.6340     157.2499     1100.9064     359.5223     224.6741     202.2724
18.0878     741.3615     898.6340     157.2725     1100.7518     359.3903     224.6451     202.1177
18.1179     741.3276     898.6678     157.3403     1100.7203     359.3927     224.6911     202.0524
18.1542     741.3050     898.6340     157.3291     1100.5428     359.2378     224.6320     201.9087
18.1828     741.2710     898.6340     157.3630     1100.4270     359.1559     224.6273     201.7929
18.2089     741.2145     898.6340     157.4196     1100.2182     359.0037     224.6143     201.5841
18.2346     741.0788     898.6678     157.5891     1100.0623     358.9836     224.7206     201.3945
18.2613     741.0901     898.6678     157.5777     1099.8431     358.7531     224.6362     201.1753
18.2855     741.0675     898.6340     157.5666     1099.5965     358.5290     224.5541     200.9624
18.3111     741.0788     898.6340     157.5553     1099.5243     358.4456     224.5187     200.8903
18.3423     741.0562     898.6340     157.5779     1099.3305     358.2743     224.4767     200.6965
18.3705     741.0901     898.6340     157.5440     1099.2792     358.1891     224.4257     200.6451
18.3949     740.9883     898.6340     157.6457     1099.0931     358.1048     224.4654     200.4591
18.4200     740.9657     898.6340     157.6684     1098.9416     357.9759     224.4375     200.3075
18.4518     740.9091     898.6002     157.6911     1098.7486     357.8395     224.4072     200.1484
18.4796     740.8978     898.6002     157.7024     1098.5995     357.7016     224.3688     199.9992
18.5057     740.8300     898.6340     157.8041     1098.3713     357.5414     224.3832     199.7373
18.5353     740.7395     898.6002     157.8607     1098.1209     357.3814     224.3676     199.5206
18.5629     740.7621     898.5665     157.8043     1097.9117     357.1496     224.2527     199.3452
18.5924     740.7282     898.5665     157.8383     1097.7496     357.0215     224.2327     199.1832
18.6185     740.7508     898.5665     157.8156     1097.6499     356.8991     224.1768     199.0834
18.6465     740.7960     898.5665     157.7704     1097.5455     356.7494     224.0967     198.9790
18.6739     740.6716     898.5327     157.8610     1097.3011     356.6295     224.1172     198.7684
18.6999     740.6603     898.5327     157.8723     1097.1476     356.4873     224.0773     198.6149
18.7303     740.5812     898.4989     157.9177     1096.9410     356.3599     224.0651     198.4422
18.7543     740.5246     898.5327     158.0080     1096.6831     356.1585     224.0582     198.1505
18.7850     740.4681     898.5327     158.0646     1096.4378     355.9697     224.0329     197.9051
18.8126     740.4455     898.5327     158.0872     1096.2989     355.8534     224.0093     197.7662
18.8342     740.3324     898.4989     158.1665     1095.8988     355.5664     223.9665     197.3999
18.8609     740.4002     898.4989     158.0986     1095.7622     355.3619     223.8531     197.2633
18.8892     740.3437     898.5327     158.1890     1095.5752     355.2315     223.8698     197.0425
18.9159     740.3550     898.4989     158.1439     1095.3690     355.0140     223.7673     196.8702
18.9469     740.2758     898.4989     158.2230     1095.0970     354.8212     223.7557     196.5981
18.9719     740.1627     898.4989     158.3361     1094.8664     354.7036     223.7920     196.3675
18.9990     740.0836     898.5665     158.4829     1094.5999     354.5163     223.8274     196.0335
19.0270     740.0497     898.5665     158.5168     1094.3444     354.2948     223.7761     195.7780
19.0529     739.9366     898.5327     158.5961     1093.9979     354.0613     223.7512     195.4652
19.0847     739.9366     898.5327     158.5961     1093.7335     353.7969     223.6630     195.2008
19.1100     739.8461     898.5665     158.7204     1093.5278     353.6817     223.7075     194.9614
19.1371     739.8235     898.5665     158.7430     1093.1946     353.3711     223.6190     194.6281
19.1615     739.8348     898.5327     158.6979     1092.9593     353.1245     223.5068     194.4267
19.1935     739.7556     898.4989     158.7433     1092.5631     352.8074     223.4313     194.0642
19.2162     739.6651     898.4989     158.8337     1092.3302     352.6651     223.4442     193.8313
19.2436     739.6086     898.4989     158.8903     1091.9704     352.3618     223.3808     193.4715
19.2746     739.4842     898.4989     159.0147     1091.6111     352.1269     223.3854     193.1122
19.3064     739.4503     898.5327     159.0824     1091.3461     351.8958     223.3535     192.8134
19.3325     739.3146     898.5327     159.2181     1090.9721     351.6575     223.3646     192.4394
19.3620     739.3033     898.4989     159.1956     1090.5920     351.2887     223.2267     192.0931
19.3889     739.2128     898.4989     159.2861     1090.2698     351.0570     223.2097     191.7709
19.4201     739.1449     898.4989     159.3539     1090.0266     350.8817     223.1965     191.5277
19.4474     739.0771     898.4651     159.3880     1089.6610     350.5839     223.1200     191.1959
19.4733     739.0092     898.4989     159.4896     1089.4200     350.4108     223.1300     190.9212
19.5017     738.8848     898.4651     159.5803     1089.0168     350.1319     223.0975     190.5517
19.5297     738.8735     898.4651     159.5916     1088.6485     349.7750     222.9860     190.1834
19.5577     738.8057     898.4989     159.6932     1088.3941     349.5884     222.9916     189.8952
19.5804     738.7378     898.4313     159.6935     1087.9534     349.2156     222.8675     189.5221
19.6061     738.7152     898.4651     159.7499     1087.7226     349.0074     222.8357     189.2575
19.6324     738.6473     898.4651     159.8177     1087.4211     348.7738     222.8031     188.9560
19.6591     738.6134     898.4313     159.8179     1087.2269     348.6135     222.7498     188.7957
19.6873     738.6586     898.4313     159.7726     1086.9833     348.3247     222.6233     188.5521
19.7128     738.6247     898.3975     159.7728     1086.7214     348.0967     222.5474     188.3239
19.7385     738.6021     898.4313     159.8292     1086.5178     347.9157     222.5247     188.0865
19.7652     738.5569     898.4313     159.8744     1086.1186     347.5618     222.4369     187.6873
19.7909     738.4438     898.4651     160.0213     1085.8356     347.3918     222.4781     187.3705
19.8170     738.3872     898.4989     160.1116     1085.5164     347.1291     222.4508     187.0175
19.8466     738.3759     898.4989     160.1229     1085.1905     346.8146     222.3535     186.6917
19.8763     738.2854     898.4989     160.2134     1084.8826     346.5971     222.3413     186.3837
19.9026     738.3081     898.4651     160.1570     1084.5666     346.2585     222.1908     186.1015
19.9241     738.2741     898.4651     160.1909     1084.2870     346.0128     222.1316     185.8219
19.9536     738.3194     898.4313     160.1119     1084.1229     345.8035     222.0091     185.6916
19.9833     738.2854     898.4313     160.1458     1083.8332     345.5477     221.9465     185.4019
20.0149     738.3307     898.4313     160.1006     1083.5481     345.2174     221.8062     185.1168
20.0448     738.2063     898.4651     160.2588     1083.2567     345.0504     221.8560     184.7916
20.0702     737.9009     898.4651     160.5641     1082.6420     344.7411     221.9564     184.1769
