eps1         u           sigma3       sigma3'      sigma1       sigma1'      p             q
[%]         [kPa]        [kPa]        [kPa]        [kPa]        [kPa]        [kPa]         [kPa] 

0.0000      500.4575     700.9894     200.5319     701.0557     200.5982     200.5540      0.0663
0.0613      504.1001     700.9570     196.8568     707.1342     203.0341     198.9159      6.1772
0.1227      509.2970     700.9246     191.6276     712.2847     202.9876     195.4143      11.3601
0.1787      513.6035     700.8436     187.2401     718.7313     205.1278     193.2027      17.8877
0.2423      520.1441     700.8598     180.7157     727.5263     207.3821     189.6045      26.6665
0.3026      527.3809     700.8274     173.4465     735.1480     207.7671     184.8867      34.3206
0.3552      533.0473     700.8598     167.8125     740.3326     207.2853     180.9701      39.4728
0.4132      537.3214     700.8598     163.5384     744.0576     206.7362     177.9377      43.1978
0.4660      540.7051     700.9084     160.2034     746.9969     206.2919     175.5662      46.0885
0.5257      543.9592     700.9084     156.9492     749.6561     205.6969     173.1985      48.7477
0.5827      546.8410     700.9084     154.0675     751.7832     204.9423     171.0257      50.8748
0.6412      549.4799     700.9246     151.4447     753.9826     204.5027     169.1307      53.0580
0.6981      551.8760     700.9084     149.0325     755.8428     203.9669     167.3439      54.9344
0.7500      554.2558     700.9246     146.6688     757.7573     203.5014     165.6130      56.8327
0.8060      556.5386     700.9084     144.3698     759.5206     202.9820     163.9072      58.6122
0.8663      558.6918     700.8274     142.1356     761.0749     202.3830     162.2181      60.2474
0.9234      560.7317     700.8922     140.1605     762.4325     201.7007     160.6739      61.5402
0.9806      562.5288     700.8598     138.3310     763.6490     201.1202     159.2608      62.7892
1.0395      564.3744     700.8274     136.4530     765.2683     200.8939     157.9333      64.4409
1.1005      566.2038     700.8274     134.6236     766.4989     200.2951     156.5141      65.6715
1.1514      567.7742     700.8760     133.1018     767.4712     199.6969     155.3002      66.5951
1.1984      569.1827     700.8598     131.6771     768.5995     199.4168     154.2570      67.7397
1.2479      570.6884     700.8922     130.2038     769.4913     198.8029     153.0702      68.5991
1.3078      572.1940     700.8760     128.6820     770.8569     198.6629     152.0090      69.9809
1.3587      573.5540     700.8598     127.3059     771.6633     198.1093     150.9070      70.8035
1.4141      574.8006     700.8112     126.0107     772.5509     197.7503     149.9239      71.7396
1.4730      576.0310     700.8760     124.8450     773.3296     197.2986     148.9962      72.4535
1.5229      577.2614     700.8436     123.5822     774.1849     196.9235     148.0293      73.3413
1.5748      578.3947     700.8112     122.4166     774.9833     196.5886     147.1406      74.1720
1.6260      579.4794     700.8598     121.3804     775.6230     196.1436     146.3015      74.7631
1.6906      580.5317     700.8274     120.2957     776.2672     195.7355     145.4423      75.4398
1.7445      581.4707     700.8436     119.3729     777.1266     195.6559     144.8006      76.2830
1.7985      582.5716     700.8112     118.2396     777.8359     195.2643     143.9145      77.0247
1.8525      583.7211     700.8112     117.0901     778.4385     194.7174     142.9659      77.6273
1.9157      584.4334     700.7788     116.3454     778.6408     194.2073     142.2994      77.8619
1.9729      585.2591     700.7950     115.5359     779.5234     194.2643     141.7787      78.7283
2.0239      586.1495     700.8598     114.7103     780.2998     194.1503     141.1903      79.4400
2.0811      587.0238     700.7950     113.7713     780.4393     193.4155     140.3193      79.6443
2.1443      587.8333     700.7626     112.9294     781.3911     193.5578     139.8055      80.6284
2.1968      588.6104     700.7626     112.1523     781.9571     193.3467     139.2171      81.1944
2.2496      589.2418     700.7788     111.5371     782.0337     192.7920     138.6220      81.2549
2.3064      590.1160     700.8274     110.7114     782.5853     192.4693     137.9640      81.7579
2.3723      590.7960     700.7626     109.9667     783.2486     192.4526     137.4620      82.4860
2.4287      591.4598     700.7788     109.3191     783.7667     192.3070     136.9817      82.9879
2.4813      592.1235     700.8274     108.7039     783.9828     191.8593     136.4224      83.1554
2.5342      592.7711     700.7788     108.0077     784.8290     192.0579     136.0244      84.0502
2.5956      593.4997     700.8112     107.3116     785.0828     191.5832     135.4021      84.2716
2.6571      594.0501     700.8112     106.7611     785.5322     191.4821     135.0014      84.7209
2.7049      594.6329     700.7950     106.1621     786.0224     191.3894     134.5712      85.2273
2.7557      595.1672     700.8436     105.6764     786.3668     191.1996     134.1841      85.5232
2.8150      595.7662     700.7950     105.0288     786.8881     191.1219     133.7265      86.0930
2.8728      596.2843     700.7950     104.5107     787.1850     190.9007     133.3074      86.3899
2.9329      596.8671     700.7788     103.9117     787.5253     190.6582     132.8272      86.7465
2.9816      597.3690     700.8112     103.4422     787.9034     190.5344     132.4729      87.0922
3.0427      597.8385     700.7303     102.8917     788.2392     190.4007     132.0614      87.5089
3.0990      598.3080     700.8112     102.5032     788.4100     190.1020     131.7028      87.5988
3.1587      598.8585     700.7626     101.9042     788.6504     189.7920     131.2001      87.8878
3.2212      599.2794     700.8436     101.5642     788.9183     189.6389     130.9224      88.0746
3.2719      599.7327     700.7950     101.0623     789.2445     189.5118     130.5455      88.4495
3.3314      600.1860     700.7626     100.5766     789.6032     189.4172     130.1902      88.8406
3.3891      600.6393     700.7141     100.0747     790.1612     189.5219     129.8905      89.4472
3.4470      601.0117     700.7303      99.7186     790.3793     189.3676     129.6016      89.6490
3.4995      601.4002     700.7465      99.3462     790.5361     189.1359     129.2761      89.7897
3.5533      601.7726     700.7950      99.0224     790.9915     189.2189     129.0879      90.1964
3.6063      602.1773     700.7141      98.5367     791.2147     189.0374     128.7036      90.5006
3.6688      602.5983     700.7141      98.1158     791.5382     188.9400     128.3905      90.8242
3.7265      602.8897     700.7303      97.8406     791.8328     188.9431     128.2081      91.1026
3.7788      603.3268     700.7303      97.4034     791.9393     188.6125     127.8065      91.2091
3.8371      603.6506     700.7141      97.0635     792.3521     188.7015     127.6095      91.6380
3.8917      603.9744     700.7141      96.7397     792.3370     188.3625     127.2806      91.6229
3.9481      604.3791     700.6817      96.3025     792.8328     188.4536     127.0196      92.1511
4.0064      604.6868     700.6979      96.0111     793.0429     188.3562     126.7928      92.3450
4.0643      604.9458     700.6817      95.7359     793.1430     188.1972     126.5563      92.4613
4.1236      605.3182     700.6979      95.3797     793.4375     188.1194     126.2929      92.7396
4.1780      605.5772     700.6655      95.0883     793.3198     187.7426     125.9731      92.6543
4.2348      605.9172     700.6655      94.7483     794.0086     188.0914     125.8627      93.3431
4.2914      606.2248     700.6655      94.4407     793.9166     187.6918     125.5244      93.2511
4.3518      606.4352     700.6817      94.2464     794.5025     188.0673     125.5201      93.8209
4.4070      606.7914     700.6817      93.8903     794.7298     187.9384     125.2397      94.0482
4.4599      607.0666     700.7141      93.6474     794.8773     187.8106     125.0352      94.1632
4.5198      607.3742     700.6331      93.2588     795.0225     187.6482     124.7220      94.3894
4.5783      607.6009     700.7465      93.1456     795.2979     187.6970     124.6627      94.5514
4.6309      607.9247     700.6655      92.7408     795.2666     187.3419     124.2745      94.6011
4.6777      608.1352     700.7303      92.5951     795.3337     187.1986     124.1296      94.6035
4.7435      608.3618     700.7303      92.3684     795.8130     187.4512     124.0627      95.0828
4.8028      608.5885     700.6493      92.0608     796.1035     187.5150     123.8789      95.4542
4.8619      608.8637     700.7141      91.8504     796.1333     187.2697     123.6568      95.4193
4.9286      609.1713     700.6979      91.5266     796.4925     187.3212     123.4581      95.7946
4.9870      609.3656     700.6331      91.2675     796.7174     187.3519     123.2956      96.0844
5.0425      609.6408     700.6817      91.0409     796.8964     187.2556     123.1124      96.2147
5.0948      609.8189     700.6979      90.8790     796.7624     186.9435     122.9005      96.0645
5.1533      610.0455     700.6655      90.6199     797.0107     186.9652     122.7350      96.3453
5.2193      610.2884     700.7141      90.4257     797.5059     187.2175     122.6896      96.7918
5.2776      610.4827     700.6493      90.1666     797.4786     186.9959     122.4430      96.8293
5.3334      610.6931     700.7141      90.0209     797.8902     187.1971     122.4130      97.1762
5.3876      610.9198     700.6979      89.7781     797.9234     187.0036     122.1866      97.2255
5.4506      611.0817     700.6979      89.6162     798.1007     187.0191     122.0838      97.4029
5.5019      611.3407     700.6493      89.3086     798.0114     186.6707     121.7626      97.3621
5.5598      611.4702     700.6493      89.1790     797.8067     186.3365     121.5648      97.1574
5.6183      611.5998     700.6007      89.0009     798.4873     186.8876     121.6298      97.8866
5.6718      611.8750     700.5683      88.6933     798.6449     186.7699     121.3855      98.0766
5.7350      612.0693     700.6007      88.5314     798.9535     186.8842     121.3157      98.3528
5.7963      612.1664     700.6331      88.4667     798.6887     186.5223     121.1519      98.0556
5.8534      612.4578     700.5845      88.1267     799.0427     186.5849     120.9461      98.4582
5.8957      612.5388     700.5521      88.0134     799.3074     186.7687     120.9318      98.7553
5.9550      612.7492     700.4873      87.7381     799.4814     186.7322     120.7361      98.9940
6.0108      612.9111     700.5683      87.6572     799.7362     186.8251     120.7132      99.1679
6.0675      613.0892     700.5845      87.4953     799.9251     186.8359     120.6088      99.3406
6.1262      613.1702     700.6169      87.4467     799.6591     186.4890     120.4608      99.0422
6.1857      613.3968     700.5683      87.1715     800.0882     186.6914     120.3448      99.5199
6.2366      613.6397     700.6169      86.9772     799.8907     186.2510     120.0685      99.2738
6.2885      613.7206     700.5683      86.8477     800.4749     186.7543     120.1499      99.9066
6.3474      613.9311     700.5845      86.6534     800.6881     186.7570     120.0213     100.1036
6.4018      614.0768     700.5359      86.4591     800.5654     186.4886     119.8023     100.0295
6.4560      614.2063     700.5683      86.3620     800.6876     186.4813     119.7351     100.1193
6.5175      614.3034     700.6007      86.2973     801.1128     186.8094     119.8013     100.5121
6.5695      614.4977     700.6169      86.1192     801.3044     186.8067     119.6817     100.6875
6.6226      614.6758     700.6169      85.9411     801.3666     186.6908     119.5243     100.7497
6.6784      614.8053     700.5359      85.7306     801.4444     186.6391     119.3668     100.9085
6.7351      614.9025     700.5683      85.6659     801.6424     186.7400     119.3572     101.0741
6.7933      615.0643     700.6169      85.5525     801.8904     186.8260     119.3104     101.2735
6.8465      615.1939     700.5845      85.3906     801.6054     186.4116     119.0643     101.0209
6.8980      615.3881     700.5845      85.1964     801.7998     186.4117     118.9348     101.2153
6.9459      615.5177     700.5845      85.0668     801.9503     186.4327     118.8554     101.3658
7.0029      615.7605     700.6007      84.8402     801.9679     186.2074     118.6292     101.3672
7.0624      615.7605     700.5521      84.7916     802.4731     186.7126     118.7653     101.9210
7.1170      615.9224     700.5359      84.6135     802.5080     186.5856     118.6042     101.9721
7.1743      616.0357     700.6007      84.5650     802.2128     186.1771     118.4357     101.6122
7.2281      616.1814     700.6007      84.4193     802.5973     186.4159     118.4181     101.9967
7.2845      616.3271     700.5359      84.2088     802.7198     186.3926     118.2701     102.1839
7.3338      616.4890     700.5035      84.0145     802.7161     186.2271     118.0853     102.2126
7.3945      616.5052     700.5521      84.0469     803.0691     186.5639     118.2192     102.5170
7.4513      616.6348     700.6007      83.9659     803.2049     186.5701     118.1673     102.6042
7.5119      616.7481     700.5197      83.7716     803.2265     186.4784     118.0072     102.7068
7.5701      616.8938     700.5683      83.6745     803.1354     186.2417     117.8636     102.5671
7.6302      617.0233     700.5197      83.4964     803.1463     186.1230     117.7053     102.6266
7.6818      617.0557     700.5035      83.4478     803.6361     186.5805     117.8254     103.1326
7.7315      617.1852     700.4711      83.2859     803.7018     186.5166     117.6962     103.2307
7.7871      617.3471     700.5521      83.2050     803.4058     186.0587     117.4896     102.8537
7.8456      617.3633     700.5035      83.1402     803.4807     186.1174     117.4660     102.9772
7.8989      617.4442     700.4711      83.0269     803.9074     186.4632     117.5057     103.4363
7.9453      617.5899     700.5521      82.9622     804.0581     186.4681     117.4641     103.5060
8.0046      617.7357     700.4711      82.7355     804.0988     186.3632     117.2780     103.6277
8.0617      617.7518     700.5035      82.7517     804.1807     186.4289     117.3108     103.6772
8.1228      617.8004     700.5197      82.7193     804.2574     186.4570     117.2985     103.7376
8.1735      617.9623     700.4873      82.5250     804.5791     186.6168     117.2223     104.0918
8.2263      618.0594     700.4711      82.4117     804.3700     186.3106     117.0446     103.8989
8.2811      618.1404     700.4387      82.2983     804.5300     186.3896     116.9954     104.0912
8.3445      618.2213     700.5035      82.2822     804.9100     186.6887     117.0843     104.4065
8.4034      618.3347     700.4549      82.1203     804.7474     186.4128     116.8844     104.2925
8.4567      618.3509     700.4873      82.1365     804.8480     186.4971     116.9233     104.3606
8.5158      618.4804     700.4064      81.9260     804.6372     186.1568     116.6696     104.2308
8.5669      618.5613     700.4387      81.8774     804.8259     186.2646     116.6731     104.3871
8.6225      618.6585     700.4225      81.7641     804.9451     186.2866     116.6049     104.5225
8.6773      618.7232     700.4711      81.7479     805.3051     186.5818     116.6926     104.8339
8.7368      618.8204     700.4225      81.6022     805.1025     186.2821     116.4955     104.6799
8.7898      618.8851     700.5035      81.6184     805.1928     186.3077     116.5148     104.6893
8.8460      619.0146     700.4064      81.3917     805.4939     186.4793     116.4209     105.0876
8.9041      619.0956     700.4225      81.3270     805.1128     186.0172     116.2237     104.6902
8.9620      619.1118     700.4549      81.3432     805.0515     185.9397     116.2087     104.5965
9.0143      619.2737     700.4549      81.1813     805.5038     186.2301     116.1976     105.0489
9.0691      619.3546     700.4549      81.1003     805.4793     186.1247     116.1085     105.0244
9.1253      619.4518     700.5197      81.0680     805.8204     186.3687     116.1682     105.3007
9.1781      619.4679     700.4225      80.9546     805.6931     186.2252     116.0448     105.2706
9.2364      619.6298     700.4549      80.8251     805.9329     186.3031     115.9844     105.4780
9.2877      619.6946     700.4873      80.7927     806.2308     186.5362     116.0406     105.7435
9.3445      619.8079     700.5521      80.7442     806.4189     186.6110     116.0331     105.8668
9.4008      619.8403     700.4387      80.5984     806.0079     186.1676     115.7882     105.5692
9.4590      619.8727     700.4064      80.5337     805.9385     186.0658     115.7111     105.5322
9.5142      619.9536     700.4711      80.5175     806.4255     186.4718     115.8356     105.9543
9.5666      620.0346     700.4387      80.4042     806.5093     186.4747     115.7610     106.0705
9.6210      620.0993     700.4064      80.3070     806.5982     186.4989     115.7043     106.1919
9.6748      620.1641     700.4225      80.2584     806.5859     186.4218     115.6462     106.1634
9.7304      620.2127     700.4873      80.2747     806.7895     186.5768     115.7087     106.3022
9.7839      620.2936     700.4873      80.1937     806.9035     186.6098     115.6658     106.4161
9.8379      620.3746     700.4387      80.0642     806.9836     186.6090     115.5791     106.5448
9.8956      620.4231     700.4064      79.9832     806.8292     186.4061     115.4575     106.4229
9.9559      620.5203     700.3740      79.8537     806.7064     186.1861     115.2978     106.3324
10.0027     620.4879     700.4549      79.9670     806.9510     186.4631     115.4657     106.4960
10.0622     620.6336     700.3902      79.7565     806.7735     186.1399     115.2177     106.3834
10.1277     620.6660     700.3902      79.7242     806.6578     185.9918     115.1467     106.2676
10.1855     620.7307     700.3902      79.6594     807.2447     186.5140     115.2776     106.8546
10.2387     620.7793     700.3902      79.6108     806.3465     185.5672     114.9296     105.9563
10.2906     620.8765     700.3254      79.4489     807.2846     186.4081     115.1020     106.9592
10.3507     620.9574     700.3092      79.3518     807.4454     186.4880     115.0638     107.1362
10.4061     621.0222     700.4064      79.3842     807.5566     186.5344     115.1009     107.1503
10.4599     621.0060     700.4064      79.4004     807.4273     186.4214     115.0740     107.0210
10.5110     621.0383     700.3740      79.3356     807.3720     186.3337     115.0016     106.9981
10.5644     621.0707     700.4225      79.3518     807.5972     186.5265     115.0767     107.1747
10.6227     621.1193     700.3740      79.2547     807.3835     186.2642     114.9245     107.0095
10.6777     621.2002     700.3092      79.1089     807.6530     186.4528     114.8902     107.3439
10.7286     621.2164     700.3902      79.1737     807.9814     186.7650     115.0375     107.5912
10.7865     621.3460     700.3254      78.9794     807.7403     186.3943     114.7844     107.4149
10.8429     621.3783     700.3092      78.9308     808.0290     186.6506     114.8374     107.7198
10.9042     621.4269     700.3578      78.9309     808.1821     186.7552     114.8723     107.8244
10.9576     621.4431     700.3578      78.9147     807.9466     186.5035     114.7776     107.5888
11.0167     621.4917     700.3254      78.8337     808.0516     186.5599     114.7425     107.7262
11.0686     621.5402     700.3740      78.8337     808.2081     186.6678     114.7784     107.8341
11.1193     621.5888     700.3092      78.7204     808.3169     186.7281     114.7230     108.0078
11.1762     621.7021     700.3416      78.6394     808.4395     186.7373     114.6721     108.0979
11.2326     621.7345     700.3578      78.6233     808.2468     186.5123     114.5863     107.8891
11.2927     621.7183     700.3578      78.6394     808.4009     186.6826     114.6538     108.0431
11.3439     621.7183     700.3740      78.6556     808.5856     186.8673     114.7262     108.2116
11.3970     621.8802     700.3416      78.4614     808.1934     186.3132     114.4120     107.8518
11.4508     621.9450     700.3740      78.4290     808.8367     186.8917     114.5832     108.4627
11.5050     621.9935     700.2930      78.2994     808.1040     186.1105     114.2365     107.8110
11.5600     621.9935     700.4387      78.4452     808.4469     186.4534     114.4479     108.0082
11.6201     622.0421     700.3902      78.3480     807.9667     185.9246     114.2069     107.5765
11.6814     622.1554     700.3092      78.1537     808.8587     186.7033     114.3369     108.5495
11.7393     622.1392     700.3740      78.2347     808.9352     186.7960     114.4218     108.5613
11.7904     622.1716     700.3740      78.2023     809.0078     186.8362     114.4136     108.6339
11.8428     622.1716     700.3578      78.1861     809.0062     186.8345     114.4023     108.6484
11.9047     622.2850     700.3254      78.0404     808.9463     186.6613     114.2474     108.6209
11.9685     622.3335     700.3740      78.0404     809.0890     186.7555     114.2788     108.7151
12.0188     622.3173     700.3740      78.0566     809.2897     186.9724     114.3619     108.9157
12.0779     622.3335     700.3578      78.0242     809.3317     186.9981     114.3489     108.9739
12.1323     622.5116     700.3254      77.8138     809.2319     186.7202     114.1159     108.9065
12.1830     622.4954     700.3578      77.8623     809.3588     186.8634     114.1960     109.0010
12.2360     622.5926     700.3254      77.7328     808.5641     185.9715     113.8124     108.2387
12.2885     622.4954     700.3902      77.8947     809.2602     186.7648     114.1848     108.8701
12.3472     622.5116     700.2930      77.7814     808.3833     185.8717     113.8115     108.0903
12.4012     622.5926     700.2930      77.7004     809.0120     186.4194     113.9401     108.7190
12.4574     622.5926     700.3092      77.7166     808.8276     186.2351     113.8894     108.5185
12.5124     622.6249     700.2444      77.6195     809.1651     186.5401     113.9263     108.9207
12.5715     622.5764     700.3092      77.7328     809.4249     186.8485     114.1047     109.1157
12.6232     622.6897     700.2930      77.6033     809.1987     186.5090     113.9052     108.9057
12.6768     622.6897     700.2282      77.5385     809.2945     186.6048     113.8939     109.0663
12.7318     622.7059     700.2768      77.5709     809.4494     186.7435     113.9618     109.1726
12.7866     622.7868     700.2768      77.4900     809.2803     186.4935     113.8245     109.0035
12.8387     622.7545     700.2282      77.4737     809.3265     186.5720     113.8398     109.0983
12.8915     622.7545     700.2606      77.5061     808.6461     185.8917     113.6346     108.3855
12.9498     622.7545     700.2120      77.4575     808.5807     185.8263     113.5805     108.3687
13.0042     622.8678     700.2930      77.4252     809.3921     186.5243     113.7916     109.0991
13.0573     622.7706     700.2282      77.4576     809.2199     186.4492     113.7881     108.9917
13.1078     622.8192     700.2930      77.4738     809.0434     186.2241     113.7239     108.7504
13.1643     622.8678     700.2444      77.3766     808.5573     185.6895     113.4809     108.3129
13.2205     622.9164     700.2768      77.3604     808.6084     185.6921     113.4710     108.3316
13.2790     622.9487     700.2606      77.3119     808.4193     185.4706     113.3648     108.1587
13.3287     622.9973     700.2444      77.2471     809.1807     186.1834     113.5592     108.9363
13.3865     622.9649     700.2768      77.3119     809.1810     186.2161     113.6133     108.9042
13.4409     623.0621     700.2930      77.2309     808.5969     185.5349     113.3322     108.3040
13.4894     623.0783     700.2120      77.1338     808.6657     185.5875     113.2850     108.4537
13.5483     623.1106     700.1958      77.0852     809.1032     185.9926     113.3877     108.9074
13.6092     623.1916     700.2444      77.0528     808.8649     185.6734     113.2597     108.6205
13.6705     623.2401     700.2768      77.0366     809.1738     185.9337     113.3357     108.8971
13.7286     623.2240     700.3092      77.0852     809.2839     186.0600     113.4101     108.9747
13.7791     623.1916     700.2930      77.1014     809.1929     186.0013     113.4014     108.8999
13.8439     623.2240     700.2930      77.0690     808.7985     185.5746     113.2375     108.5056
13.8942     623.2887     700.3092      77.0205     809.2107     185.9219     113.3210     108.9015
13.9533     623.3373     700.2768      76.9395     808.8979     185.5606     113.1465     108.6211
14.0061     623.3535     700.2606      76.9071     808.8518     185.4983     113.1042     108.5912
14.0613     623.3697     700.2606      76.8909     808.8041     185.4344     113.0721     108.5435
14.1191     623.3373     700.2930      76.9557     809.2032     185.8659     113.2591     108.9102
14.1684     623.4182     700.2606      76.8424     808.9618     185.5436     113.0761     108.7012
14.2308     623.4182     700.3254      76.9071     809.2184     185.8002     113.2048     108.8930
14.2919     623.4344     700.2768      76.8424     809.0886     185.6541     113.1130     108.8118
14.3490     623.4344     700.2282      76.7938     809.0553     185.6208     113.0695     108.8271
14.4058     623.3697     700.2444      76.8747     808.9481     185.5784     113.1093     108.7037
14.4571     623.4506     700.2444      76.7938     808.5398     185.0892     112.8923     108.2954
14.5142     623.4182     700.1148      76.6966     808.9399     185.5217     112.9716     108.8251
14.5710     623.4506     700.1796      76.7290     808.5897     185.1390     112.8657     108.4100
14.6254     623.3535     700.1958      76.8423     808.6935     185.3400     113.0082     108.4977
14.6796     623.4830     700.2120      76.7290     808.5716     185.0886     112.8489     108.3596
14.7319     623.4344     700.2120      76.7776     808.5779     185.1435     112.8996     108.3659
14.7974     623.4182     700.1472      76.7290     808.1028     184.6845     112.7142     107.9556
14.8563     623.3535     700.2120      76.8585     808.0457     184.6922     112.8031     107.8337
14.9102     623.4020     700.1958      76.7938     808.2262     184.8242     112.8039     108.0304
14.9616     623.4992     700.1634      76.6642     808.2375     184.7383     112.6889     108.0741
15.0180     623.4992     700.2282      76.7290     807.9187     184.4195     112.6259     107.6905
15.0763     623.5154     700.2120      76.6966     807.6729     184.1575     112.5169     107.4609
15.1341     623.5478     700.1958      76.6481     808.1701     184.6223     112.6395     107.9743
15.1883     623.5639     700.1796      76.6157     807.7050     184.1410     112.4575     107.5254
15.2431     623.6773     700.1634      76.4861     807.9448     184.2675     112.4133     107.7814
15.2998     623.6611     700.1796      76.5185     808.1058     184.4447     112.4939     107.9262
15.3558     623.7096     700.1796      76.4700     807.6769     183.9672     112.3024     107.4972
15.4093     623.7258     700.1634      76.4376     807.7081     183.9823     112.2858     107.5447
15.4693     623.7258     700.1472      76.4214     807.9945     184.2687     112.3705     107.8473
15.5267     623.7582     700.1310      76.3728     808.0960     184.3378     112.3611     107.9650
15.5858     623.7582     700.1958      76.4376     807.9304     184.1722     112.3491     107.7346
15.6420     623.7744     700.1634      76.3890     807.5383     183.7639     112.1806     107.3749
15.6977     623.8715     700.1472      76.2757     807.5089     183.6373     112.0629     107.3616
15.7574     623.8877     700.2120      76.3243     808.1267     184.2389     112.2958     107.9147
15.8138     623.8877     700.1796      76.2919     807.9250     184.0373     112.2070     107.7454
15.8745     623.8715     700.1634      76.2919     807.8993     184.0277     112.2038     107.7359
15.9332     623.9363     700.1472      76.2109     808.0877     184.1514     112.1911     107.9405
15.9843     623.9363     700.1310      76.1947     808.0561     184.1198     112.1697     107.9251
16.0422     623.9687     700.2282      76.2595     807.9141     183.9455     112.1548     107.6859
16.0945     624.0334     700.2768      76.2433     808.0102     183.9767     112.1545     107.7334
16.1546     623.9525     700.2120      76.2595     807.6857     183.7332     112.0841     107.4737
16.2117     624.0173     700.2120      76.1948     807.8951     183.8778     112.0891     107.6831
16.2634     624.0982     700.2282      76.1300     808.0806     183.9824     112.0808     107.8524
16.3205     624.1630     700.2606      76.0976     807.8895     183.7266     111.9739     107.6289
16.3806     624.0982     700.1796      76.0814     807.8918     183.7936     111.9855     107.7122
16.4366     624.1630     700.1796      76.0167     807.9872     183.8243     111.9525     107.8076
16.4898     624.1953     700.2282      76.0329     807.7000     183.5046     111.8568     107.4718
16.5499     624.1468     700.2120      76.0652     808.0195     183.8727     112.0011     107.8075
16.6086     624.2277     700.1472      75.9195     807.7970     183.5693     111.8028     107.6498
16.6662     624.2115     700.1634      75.9519     807.6463     183.4348     111.7795     107.4829
16.7206     624.2601     700.1634      75.9033     807.8249     183.5648     111.7905     107.6615
16.7717     624.2439     700.1310      75.8871     807.4672     183.2233     111.6658     107.3362
16.8269     624.2439     700.1796      75.9357     807.8705     183.6266     111.8327     107.6909
16.8879     624.3087     700.1310      75.8224     807.6224     183.3138     111.6528     107.4914
16.9476     624.3087     700.0986      75.7900     807.7325     183.4239     111.6679     107.6339
17.0001     624.2439     700.1310      75.8871     807.6791     183.4352     111.7365     107.5481
17.0547     624.3410     700.1958      75.8548     807.9315     183.5905     111.7667     107.7357
17.1116     624.2763     700.1472      75.8709     807.8657     183.5894     111.7771     107.7185
17.1727     624.3572     700.1148      75.7576     807.7645     183.4072     111.6408     107.6496
17.2316     624.2601     700.1634      75.9033     807.3410     183.0809     111.6292     107.1775
17.2876     624.3410     700.0986      75.7576     807.6554     183.3143     111.6098     107.5568
17.3420     624.3896     700.0501      75.6604     807.7301     183.3405     111.5538     107.6800
17.3995     624.4220     700.0986      75.6766     807.5064     183.0844     111.4792     107.4078
17.4577     624.3572     700.1472      75.7900     807.7047     183.3474     111.6425     107.5574
17.5084     624.3572     700.0986      75.7414     807.2591     182.9019     111.4616     107.1605
17.5630     624.4382     700.0986      75.6605     807.5575     183.1194     111.4801     107.4589
17.6176     624.4706     700.1472      75.6767     807.4084     182.9379     111.4304     107.2612
17.6833     624.4544     700.0986      75.6443     807.5624     183.1080     111.4655     107.4638
17.7422     624.4868     700.0824      75.5957     807.3991     182.9124     111.3679     107.3167
17.7931     624.4868     700.0986      75.6119     807.0262     182.5394     111.2544     106.9275
17.8575     624.5191     700.1148      75.5957     807.2390     182.7199     111.3038     107.1242
17.9172     624.5029     700.0824      75.5795     807.3214     182.8184     111.3258     107.2389
17.9761     624.5353     700.0662      75.5309     807.3193     182.7839     111.2819     107.2530
18.0333     624.6001     700.1472      75.5471     807.2519     182.6518     111.2487     107.1047
18.0896     624.6163     700.1310      75.5148     807.1937     182.5774     111.2023     107.0627
18.1435     624.5839     700.1310      75.5471     807.2175     182.6336     111.2426     107.0864
18.1965     624.6163     700.1310      75.5148     807.1168     182.5005     111.1767     106.9857
18.2509     624.6325     700.1958      75.5633     807.2465     182.6140     111.2469     107.0507
18.3040     624.6810     700.1148      75.4338     806.9320     182.2510     111.0395     106.8172
18.3548     624.7134     700.1472      75.4338     806.8041     182.0906     110.9861     106.6568
18.4143     624.7458     700.1310      75.3852     806.8877     182.1419     110.9708     106.7566
18.4762     624.7134     700.1148      75.4014     806.8391     182.1257     110.9762     106.7243
18.5298     624.6648     700.0824      75.4176     806.6462     181.9814     110.9389     106.5638
18.5848     624.7458     700.1148      75.3690     806.6449     181.8991     110.8791     106.5300
18.6371     624.7944     700.1472      75.3529     806.8344     182.0401     110.9153     106.6872
18.6893     624.7458     700.1310      75.3852     806.7186     181.9729     110.9144     106.5876
18.7482     624.7782     700.0824      75.3043     806.6830     181.9048     110.8378     106.6006
18.8011     624.7296     700.1310      75.4014     806.8111     182.0815     110.9615     106.6801
18.8557     624.7620     700.1796      75.4176     806.5664     181.8044     110.8799     106.3867
18.9136     624.7296     700.1310      75.4014     806.6426     181.9130     110.9053     106.5116
18.9688     624.8105     700.1310      75.3205     806.4975     181.6869     110.7760     106.3664
19.0250     624.8267     700.0824      75.2557     806.0779     181.2512     110.5875     105.9955
19.0784     624.8267     700.1310      75.3043     806.5193     181.6926     110.7671     106.3883
19.1348     624.8267     700.1310      75.3043     806.2002     181.3734     110.6607     106.0691
19.1919     624.9077     700.0986      75.1910     805.9343     181.0266     110.4695     105.8357
19.2505     624.8915     700.0986      75.2071     806.4570     181.5655     110.6599     106.3584
19.3113     624.8915     700.1310      75.2395     806.1546     181.2631     110.5807     106.0236
19.3587     624.8753     700.0824      75.2071     805.8372     180.9619     110.4587     105.7548
19.4117     624.9886     700.0339      75.0452     805.9255     180.9369     110.3424     105.8917
19.4687     624.9886     700.0339      75.0452     806.2595     181.2709     110.4538     106.2256
19.5258     624.9724     700.0501      75.0776     806.0597     181.0872     110.4141     106.0096
19.5801     625.0210     700.1472      75.1262     806.2053     181.1843     110.4789     106.0581
19.6317     625.0048     700.0824      75.0776     806.1377     181.1329     110.4294     106.0553
19.6902     625.0534     700.0501      74.9967     805.7506     180.6972     110.2302     105.7005
19.7429     625.1343     700.0662      74.9319     806.1220     180.9876     110.2838     106.0557
19.8002     625.1343     700.0662      74.9319     806.0292     180.8949     110.2529     105.9630
19.8517     625.1505     700.0501      74.8995     805.5551     180.4045     110.0679     105.5050
19.9063     625.1991     700.0662      74.8671     805.8719     180.6728     110.1357     105.8057
19.9562     625.1667     700.0177      74.8509     805.3305     180.1638     109.9552     105.3128
20.0146     625.1829     700.0501      74.8671     805.7672     180.5843     110.1062     105.7171
20.0656     625.1829     700.1148      74.9319     805.4679     180.2850     110.0496     105.3531
20.1134     625.2153     700.0824      74.8672     805.4952     180.2799     110.0047     105.4127
20.1776     625.2477     700.0662      74.8186     805.5544     180.3067     109.9813     105.4881
20.2441     625.3124     700.0501      74.7376     805.5967     180.2843     109.9198     105.5466
20.3011     625.3286     700.0824      74.7538     805.5434     180.2148     109.9075     105.4609
20.3553     625.3448     700.0824      74.7376     805.5566     180.2118     109.8957     105.4742
20.4066     625.3772     700.0501      74.6729     805.0759     179.6987     109.6815     105.0258
20.4584     625.3772     700.1472      74.7700     805.1998     179.8227     109.7876     105.0526
20.5215     625.3610     700.0824      74.7214     805.2721     179.9111     109.7846     105.1896
20.5759     625.4581     700.1148      74.6567     805.4460     179.9878     109.7671     105.3311
20.6254     625.4258     700.1310      74.7053     805.3965     179.9708     109.7938     105.2655
20.6784     625.4905     700.0986      74.6081     805.0739     179.5834     109.5999     104.9753
20.7323     625.4258     700.0986      74.6729     805.0837     179.6579     109.6679     104.9850
20.7869     625.5391     700.0662      74.5272     805.1108     179.5717     109.5420     105.0445
20.8395     625.5391     700.0662      74.5272     804.7371     179.1980     109.4174     104.6708
20.8996     625.5391     700.0986      74.5596     804.5584     179.0193     109.3795     104.4597
20.9530     625.5553     700.0662      74.5110     805.1267     179.5714     109.5311     105.0605
21.0051     625.5391     700.0986      74.5596     805.1943     179.6552     109.5914     105.0957
21.0563     625.6038     700.0501      74.4462     804.7947     179.1909     109.3611     104.7446
21.1087     625.5553     700.0339      74.4786     804.7326     179.1773     109.3781     104.6987
21.1604     625.6524     700.0339      74.3814     804.3140     178.6616     109.1415     104.2801
21.2262     625.7172     700.0177      74.3005     804.1637     178.4465     109.0158     104.1460
21.2803     625.6200     700.0986      74.4786     804.6098     178.9898     109.3157     104.5112
21.3323     625.6362     699.9853      74.3490     804.3838     178.7476     109.1486     104.3985
21.3866     625.6038     700.1472      74.5434     804.5643     178.9604     109.3491     104.4171
21.4407     625.7334     700.0177      74.2843     803.9673     178.2339     108.9342     103.9496
21.4966     625.7010     700.1148      74.4139     804.1780     178.4771     109.1016     104.0632
21.5591     625.7010     700.0339      74.3329     803.8904     178.1895     108.9517     103.8566
21.6121     625.6848     700.0986      74.4138     804.3266     178.6418     109.1565     104.2280
21.6595     625.7496     700.0015      74.2519     804.0828     178.3333     108.9457     104.0813
21.7171     625.8143     700.0339      74.2195     804.3092     178.4949     108.9780     104.2754
21.7728     625.8629     700.0177      74.1548     803.9352     178.0723     108.7939     103.9175
21.8257     625.8143     700.0015      74.1872     804.2223     178.4080     108.9274     104.2208
21.8904     625.8953     700.0339      74.1386     804.2050     178.3098     108.8623     104.1712
21.9486     625.9762     699.9853      74.0091     803.6293     177.6531     108.5571     103.6440
22.0048     625.9438     700.0339      74.0900     804.1157     178.1718     108.7840     104.0818
22.0535     626.0895     700.0177      73.9281     804.0146     177.9251     108.5938     103.9969
22.1091     625.9762     700.0501      74.0738     804.1323     178.1561     108.7679     104.0823
22.1627     626.0733     700.0177      73.9443     803.8688     177.7955     108.5614     103.8511
22.2168     626.1381     700.1310      73.9929     803.8370     177.6989     108.5616     103.7060
22.2837     626.1057     700.0501      73.9443     803.9620     177.8562     108.5816     103.9119
22.3342     626.0733     700.0177      73.9443     803.4976     177.4242     108.4376     103.4799
22.3846     626.1867     700.0015      73.8148     803.7652     177.5786     108.4027     103.7638
22.4411     626.2352     700.0339      73.7986     803.6525     177.4173     108.3382     103.6187
22.4986     626.2514     700.0339      73.7824     803.8602     177.6088     108.3912     103.8264
22.5510     626.2676     700.0501      73.7824     803.1948     176.9272     108.1640     103.1448
22.6083     626.2029     700.0501      73.8472     803.1846     176.9817     108.2254     103.1345
22.6600     626.2676     700.0824      73.8148     803.6233     177.3557     108.3284     103.5409
22.7180     626.3324     700.1310      73.7986     803.5481     177.2157     108.2710     103.4170
22.7800     626.3324     700.0339      73.7015     803.4305     177.0981     108.1670     103.3966
22.8341     626.3648     700.0662      73.7015     803.0282     176.6635     108.0222     102.9620
22.8859     626.3162     700.0501      73.7339     803.2424     176.9262     108.1313     103.1923
22.9366     626.3971     700.0339      73.6367     803.1221     176.7250     107.9995     103.0883
22.9932     626.3971     700.0824      73.6853     803.0457     176.6486     108.0064     102.9633
23.0506     626.4619     700.0501      73.5882     803.3207     176.8588     108.0117     103.2707
23.1057     626.4943     700.0501      73.5558     803.0106     176.5164     107.8760     102.9606
23.1562     626.4457     700.0015      73.5558     803.1435     176.6978     107.9364     103.1421
23.2114     626.4619     699.9691      73.5072     803.0305     176.5686     107.8610     103.0614
23.2751     626.5105     700.0339      73.5234     802.9444     176.4339     107.8269     102.9105
23.3345     626.4457     700.0339      73.5881     802.6226     176.1769     107.7844     102.5887
23.3931     626.4781     700.0177      73.5396     802.1716     175.6935     107.5909     102.1540
23.4395     626.5428     699.9853      73.4424     802.6459     176.1030     107.6626     102.6606
23.4945     626.5590     700.0015      73.4424     802.4349     175.8758     107.5869     102.4334
23.5500     626.5752     700.0015      73.4262     802.3182     175.7430     107.5318     102.3167
23.6075     626.5105     700.0339      73.5234     802.6648     176.1543     107.7337     102.6309
23.6693     626.6238     700.0015      73.3777     802.5037     175.8799     107.5451     102.5023
23.7211     626.5267     699.9529      73.4262     802.3987     175.8720     107.5748     102.4458
23.7757     626.5428     699.9691      73.4262     802.4131     175.8702     107.5742     102.4440
23.8251     626.6886     699.9205      73.2319     802.2201     175.5315     107.3318     102.2996
23.8779     626.6400     700.0177      73.3777     802.3697     175.7297     107.4950     102.3520
23.9260     626.7047     699.9367      73.2319     801.9157     175.2109     107.2249     101.9790
23.9868     626.6724     700.0015      73.3291     801.7465     175.0741     107.2441     101.7450
24.0417     626.6886     699.9691      73.2805     801.7314     175.0428     107.2013     101.7623
24.1021     626.6724     699.9691      73.2967     801.7185     175.0462     107.2132     101.7494
24.1562     626.7371     699.9853      73.2481     801.8660     175.1289     107.2084     101.8807
24.2122     626.7533     699.9529      73.1996     801.6290     174.8757     107.0916     101.6762
24.2736     626.7533     700.0015      73.2482     801.7601     175.0068     107.1677     101.7586
24.3323     626.8019     700.0177      73.2158     801.4036     174.6018     107.0111     101.3860
24.3888     626.8019     699.9691      73.1672     801.5149     174.7130     107.0158     101.5458
24.4424     626.8181     700.0015      73.1834     801.3527     174.5347     106.9671     101.3513
24.4963     626.8990     700.0015      73.1024     801.3030     174.4040     106.8696     101.3015
24.5503     626.9476     700.0177      73.0701     800.7670     173.8195     106.6532     100.7494
24.6041     626.9800     700.0177      73.0377     801.0844     174.1045     106.7266     101.0668
24.6608     627.0285     700.0177      72.9891     801.1692     174.1407     106.7063     101.1515
24.7199     627.0285     699.9367      72.9081     800.6458     173.6173     106.4779     100.7091
24.7708     627.0123     700.0662      73.0539     801.2563     174.2440     106.7839     101.1901
24.8273     627.0771     700.0177      72.9406     801.1830     174.1059     106.6623     101.1653
24.8811     627.1257     700.0662      72.9406     801.2169     174.0912     106.6575     101.1507
24.9349     627.1095     700.0015      72.8920     800.4551     173.3456     106.3765     100.4536
24.9876     627.1257     700.0339      72.9082     800.9130     173.7874     106.5346     100.8792
25.0465     627.1742     700.0177      72.8434     800.4946     173.3203     106.3357     100.4769
25.1075     627.2552     700.0015      72.7463     800.8920     173.6368     106.3764     100.8905
25.1606     627.1581     699.9853      72.8272     800.5008     173.3428     106.3324     100.5156
25.2150     627.1904     699.9043      72.7139     800.3277     173.1373     106.1883     100.4234
25.2591     627.2066     699.9205      72.7139     800.0774     172.8707     106.0995     100.1569
25.3153     627.3685     699.9367      72.5682     800.5410     173.1724     106.1029     100.6043
25.3706     627.3361     699.9853      72.6491     800.4481     173.1120     106.1367     100.4629
25.4312     627.2552     699.9853      72.7301     799.8543     172.5991     106.0197      99.8690
25.4873     627.3038     699.9853      72.6815     799.7091     172.4054     105.9228      99.7239
25.5448     627.3523     699.9043      72.5520     799.7546     172.4023     105.8354      99.8503
25.6065     627.4495     699.9367      72.4872     800.2248     172.7753     105.9166     100.2881
25.6572     627.4171     699.9853      72.5682     800.1574     172.7403     105.9589     100.1722
25.7077     627.4171     699.9529      72.5358     799.9175     172.5004     105.8573      99.9646
25.7591     627.5304     699.8881      72.3577     799.9452     172.4148     105.7101     100.0571
25.8128     627.6114     699.9367      72.3253     800.0796     172.4683     105.7063     100.1429
25.8676     627.4980     699.9853      72.4872     800.0732     172.5752     105.8499     100.0879
25.9280     627.5628     700.0015      72.4387     799.8025     172.2397     105.7057      99.8011
25.9774     627.5628     699.9529      72.3901     799.2356     171.6728     105.4843      99.2827
26.0312     627.6114     699.9529      72.3415     799.8326     172.2212     105.6348      99.8797
26.0911     627.7085     699.9043      72.1958     799.7252     172.0167     105.4694      99.8209
26.1453     627.7085     699.9043      72.1958     799.1005     171.3920     105.2612      99.1962
26.2040     627.7085     699.9529      72.2444     799.5930     171.8845     105.4577      99.6401
26.2572     627.6761     699.9853      72.3091     799.5945     171.9184     105.5122      99.6092
26.3115     627.7895     699.9205      72.1310     799.0066     171.2172     105.1597      99.0861
26.3643     627.7409     699.9367      72.1958     799.5646     171.8237     105.4051      99.6279
26.4191     627.7895     699.9529      72.1634     799.1330     171.3436     105.2235      99.1801
26.4790     627.8056     699.9367      72.1310     799.3090     171.5034     105.2551      99.3723
26.5367     627.8704     699.9691      72.0987     799.3638     171.4934     105.2302      99.3947
26.5984     627.8704     700.0015      72.1311     799.3439     171.4735     105.2452      99.3425
26.6489     627.9190     699.9367      72.0177     799.1764     171.2574     105.0976      99.2397
26.7035     627.9190     700.0015      72.0825     798.7451     170.8261     104.9970      98.7436
26.7589     627.9028     699.9853      72.0825     799.0886     171.1858     105.1169      99.1034
26.8203     628.0647     699.9691      71.9044     798.9894     170.9248     104.9112      99.0204
26.8783     628.0161     699.9691      71.9530     798.7829     170.7668     104.8909      98.8139
26.9354     628.0485     699.9529      71.9044     798.9048     170.8563     104.8884      98.9519
26.9908     628.0323     699.9529      71.9206     798.9294     170.8971     104.9128      98.9765
27.0417     628.1132     699.9205      71.8072     798.7502     170.6369     104.7505      98.8297
27.1067     628.1456     699.9367      71.7911     798.8431     170.6975     104.7599      98.9065
27.1673     628.1780     700.0015      71.8235     798.7574     170.5794     104.7421      98.7560
27.2245     628.1780     699.9205      71.7425     798.0895     169.9115     104.4655      98.1691
27.2775     628.1132     699.9853      71.8720     798.3156     170.2024     104.6488      98.3303
27.3378     628.2751     699.9205      71.6453     798.5258     170.2507     104.5138      98.6054
27.3963     628.2590     699.9205      71.6615     798.5022     170.2433     104.5221      98.5818
27.4496     628.2428     699.8881      71.6453     798.1373     169.8946     104.3951      98.2493
27.5102     628.2266     699.9367      71.7101     798.1597     169.9331     104.4511      98.2230
27.5592     628.3075     699.9529      71.6454     798.2021     169.8946     104.3951      98.2492
27.6161     628.2913     699.9205      71.6292     798.2347     169.9433     104.4006      98.3142
27.6758     628.3723     699.9205      71.5482     798.2122     169.8399     104.3121      98.2917
27.7328     628.3237     699.9043      71.5806     798.1370     169.8133     104.3248      98.2327
27.7831     628.3723     699.8881      71.5158     797.8460     169.4737     104.1684      97.9579
27.8365     628.4047     699.9367      71.5320     798.0870     169.6823     104.2488      98.1503
27.8950     628.4856     699.9367      71.4511     797.5090     169.0234     103.9752      97.5723
27.9522     628.4370     699.8719      71.4349     797.8894     169.4523     104.1074      98.0175
28.0060     628.4209     699.8719      71.4511     797.2479     168.8271     103.9097      97.3760
28.0571     628.5666     699.8557      71.2891     797.4696     168.9030     103.8271      97.6138
28.1123     628.5342     699.8557      71.3215     797.6492     169.1151     103.9194      97.7935
28.1704     628.5018     699.8881      71.3863     797.7712     169.2694     104.0140      97.8831
28.2262     628.5342     699.9043      71.3701     797.4878     168.9536     103.8979      97.5835
28.2826     628.5504     699.8719      71.3215     797.5531     169.0027     103.8819      97.6812
28.3397     628.5827     699.9205      71.3377     797.0684     168.4856     103.7204      97.1479
28.4018     628.6961     699.8881      71.1920     797.5719     168.8758     103.7533      97.6838
28.4599     628.6961     699.9205      71.2244     797.6808     168.9847     103.8112      97.7603
28.5217     628.6151     699.9043      71.2892     797.5405     168.9254     103.8346      97.6362
28.5767     628.6475     699.8233      71.1758     797.0217     168.3742     103.5753      97.1984
28.6274     628.7932     699.8719      71.0787     796.9374     168.1441     103.4338      97.0655
28.6846     628.7446     699.9043      71.1596     797.3453     168.6007     103.6400      97.4410
28.7421     628.7932     699.9367      71.1435     797.0711     168.2779     103.5216      97.1345
28.7987     628.7285     699.9205      71.1920     796.7560     168.0275     103.4705      96.8355
28.8478     628.7770     699.9529      71.1759     796.2723     167.4952     103.2823      96.3194
28.9022     628.8904     699.8881      70.9977     796.9044     168.0141     103.3365      97.0163
28.9637     628.8580     699.9043      71.0463     797.1064     168.2485     103.4470      97.2021
29.0173     628.8256     699.8881      71.0625     796.6050     167.7794     103.3015      96.7169
29.0715     628.8580     699.9529      71.0949     796.4567     167.5988     103.2629      96.5038
29.1277     628.9551     699.9043      70.9492     796.7853     167.8301     103.2428      96.8810
29.1864     628.9389     699.9367      70.9978     796.9731     168.0342     103.3432      97.0364
29.2461     628.9875     699.9367      70.9492     796.2905     167.3030     103.0671      96.3538
29.2987     628.9389     699.9205      70.9816     796.5135     167.5746     103.1792      96.5930
29.3502     628.9875     699.9691      70.9816     796.7720     167.7845     103.2492      96.8030
29.4076     629.0199     699.9529      70.9330     796.7916     167.7717     103.2126      96.8387
29.4676     629.0199     699.8881      70.8682     796.6476     167.6278     103.1214      96.7595
29.5219     629.0361     699.9205      70.8844     796.6355     167.5994     103.1228      96.7150
29.5786     629.0523     699.9205      70.8682     796.5127     167.4604     103.0656      96.5922
29.6317     629.0846     699.8719      70.7873     796.4843     167.3996     102.9914      96.6124
29.6888     629.0684     699.9043      70.8359     795.7303     166.6618     102.7778      95.8260
29.7544     629.0361     699.9205      70.8844     796.3914     167.3553     103.0414      96.4709
29.8139     629.0684     699.8881      70.8197     796.1994     167.1310     102.9234      96.3113
29.8675     629.0684     699.8881      70.8197     796.1229     167.0545     102.8979      96.2348
29.9184     629.1494     699.9043      70.7549     795.8210     166.6716     102.7272      95.9167
29.9769     629.1494     699.8233      70.6739     795.3523     166.2029     102.5169      95.5289
30.0350     629.1656     699.8557      70.6901     796.0399     166.8743     102.7515      96.1841
30.0896     629.1656     699.8233      70.6577     795.2672     166.1016     102.4724      95.4439
30.1441     629.1818     699.8719      70.6901     795.9030     166.7212     102.7005      96.0311
30.2051     629.1980     699.8881      70.6901     795.7788     166.5809     102.6537      95.8907
30.2627     629.2465     699.8071      70.5606     795.7525     166.5060     102.5424      95.9454
30.3184     629.2303     699.9043      70.6740     795.6602     166.4299     102.5926      95.7559
30.3777     629.3275     699.8719      70.5444     795.2076     165.8802     102.3230      95.3357
30.4339     629.2789     699.7909      70.5120     795.5098     166.2309     102.4183      95.7188
30.4866     629.3275     699.8233      70.4958     795.3658     166.0383     102.3433      95.5424
30.5451     629.3113     699.8881      70.5768     795.6021     166.2908     102.4815      95.7140
30.5991     629.2951     699.8395      70.5444     795.4909     166.1959     102.4282      95.6514
30.6525     629.3599     699.8719      70.5120     795.3728     166.0130     102.3457      95.5009
30.7046     629.3922     699.8233      70.4311     795.2879     165.8957     102.2526      95.4646
30.7743     629.3922     699.8233      70.4311     794.9526     165.5604     102.1408      95.1293
30.8293     629.4732     699.8881      70.4149     795.3255     165.8523     102.2274      95.4374
30.8878     629.4408     699.8557      70.4149     795.0502     165.6094     102.1464      95.1945
30.9359     629.4894     699.8233      70.3339     795.0460     165.5566     102.0748      95.2227
30.9909     629.5218     699.8233      70.3016     794.9878     165.4661     102.0231      95.1645
31.0475     629.5865     699.8557      70.2692     794.4184     164.8319     101.7901      94.5627
31.1005     629.5865     699.8395      70.2530     795.0792     165.4927     101.9996      95.2397
31.1575     629.6513     699.8719      70.2206     795.0974     165.4461     101.9625      95.2255
31.2068     629.6998     699.8557      70.1559     795.0718     165.3719     101.8946      95.2161
31.2577     629.6513     699.8233      70.1720     794.9953     165.3440     101.8960      95.1720
31.3104     629.7160     699.8233      70.1073     794.9457     165.2297     101.8148      95.1224
31.3720     629.6513     699.9205      70.2692     794.8610     165.2097     101.9161      94.9405
31.4268     629.7808     699.8719      70.0911     794.1075     164.3267     101.5030      94.2356
31.4840     629.7808     699.8719      70.0911     794.8679     165.0871     101.7565      94.9960
31.5341     629.8132     699.8395      70.0263     794.2753     164.4621     101.5049      94.4358
31.5910     629.8294     699.8881      70.0587     794.7592     164.9298     101.6824      94.8711
31.6509     629.7970     699.9205      70.1235     794.4548     164.6578     101.6349      94.5343
31.7016     629.9265     699.9043      69.9778     794.4122     164.4857     101.4804      94.5079
31.7564     629.8617     699.8881      70.0264     794.3988     164.5370     101.5299      94.5107
31.8063     629.9751     699.8881      69.9130     794.3966     164.4215     101.4159      94.5085
31.8762     629.9427     699.8881      69.9454     794.1631     164.2204     101.3704      94.2750
31.9292     629.9103     699.8557      69.9454     794.5250     164.6147     101.5018      94.6693
31.9842     630.0398     699.8233      69.7835     794.3755     164.3357     101.3009      94.5522
32.0378     629.9427     699.8233      69.8806     794.2227     164.2800     101.3471      94.3994
32.0966     630.0074     699.8719      69.8645     794.3460     164.3385     101.3558      94.4741
32.1482     629.9589     699.8071      69.8482     794.3659     164.4070     101.3678      94.5587
32.2042     630.0398     699.8557      69.8159     794.3624     164.3226     101.3181      94.5067
32.2625     630.0722     699.8233      69.7511     794.0089     163.9367     101.1463      94.1856
32.3158     630.0560     699.8071      69.7511     793.6961     163.6401     101.0474      93.8890
32.3714     630.0722     699.8395      69.7673     793.9919     163.9197     101.1514      94.1523
32.4291     630.0722     699.8395      69.7673     793.3378     163.2656     100.9334      93.4983
32.4862     630.2017     699.7747      69.5730     793.7501     163.5484     100.8981      93.9754
32.5405     630.1370     699.8557      69.7187     793.4243     163.2874     100.9083      93.5686
32.5937     630.1855     699.7747      69.5892     794.0174     163.8319     101.0034      94.2427
32.6473     630.1370     699.8233      69.6864     794.0831     163.9461     101.1063      94.2598
32.7002     630.2179     699.7423      69.5244     793.3709     163.1530     100.7339      93.6286
32.7581     630.3312     699.7747      69.4435     793.5179     163.1867     100.6912      93.7432
32.8145     630.3474     699.8233      69.4759     793.9121     163.5647     100.8388      94.0888
32.8783     630.3474     699.7585      69.4111     793.3770     163.0296     100.6173      93.6185
32.9262     630.3150     699.8071      69.4921     793.7081     163.3930     100.7924      93.9009
32.9759     630.4122     699.8719      69.4597     793.1799     162.7677     100.5624      93.3080
33.0321     630.3636     699.8233      69.4597     793.4617     163.0981     100.6725      93.6384
33.0881     630.3960     699.8233      69.4273     793.2806     162.8846     100.5797      93.4572
33.1529     630.3474     699.8395      69.4921     792.9495     162.6021     100.5287      93.1100
33.2018     630.4122     699.8071      69.3949     793.6414     163.2293     100.6730      93.8343
33.2589     630.4446     699.7747      69.3302     793.3951     162.9505     100.5369      93.6203
33.3145     630.5093     699.8233      69.3140     793.6530     163.1437     100.5906      93.8297
33.3621     630.5255     699.8881      69.3626     793.5541     163.0286     100.5846      93.6660
33.4245     630.5579     699.8395      69.2816     792.6707     162.1128     100.2254      92.8312
33.4852     630.4931     699.8395      69.3464     793.3240     162.8308     100.5079      93.4845
33.5400     630.6065     699.8719      69.2654     793.4949     162.8884     100.4731      93.6230
33.5958     630.6712     699.8071      69.1359     793.2778     162.6066     100.2928      93.4707
33.6518     630.7036     699.8071      69.1035     793.1678     162.4642     100.2237      93.3607
33.7003     630.6388     699.8233      69.1845     793.3478     162.7089     100.3593      93.5245
33.7539     630.7360     699.9043      69.1683     793.3277     162.5918     100.3095      93.4235
33.8079     630.7198     699.8071      69.0873     793.2279     162.5081     100.2276      93.4208
33.8682     630.7522     699.8395      69.0873     793.0877     162.3355     100.1701      93.2482
33.9256     630.7198     699.8557      69.1359     792.8001     162.0803     100.1174      92.9444
33.9813     630.7845     699.8557      69.0712     792.5838     161.7993      99.9805      92.7281
34.0318     630.8655     699.8233      68.9578     792.8380     161.9725      99.9627      93.0147
34.0892     630.8169     699.8395      69.0226     793.0910     162.2741     100.1064      93.2515
34.1440     630.8331     699.8071      68.9740     792.2504     161.4173      99.7884      92.4433
34.2029     630.8169     699.8395      69.0226     792.8740     162.0571     100.0341      93.0345
34.2618     630.8979     699.8557      68.9578     792.2880     161.3901      99.7686      92.4323
34.3094     630.8979     699.7909      68.8930     792.3132     161.4153      99.7338      92.5223
34.3673     630.9303     699.8233      68.8931     792.7654     161.8351      99.8737      92.9421
34.4256     630.8817     699.8395      68.9578     792.8781     161.9964      99.9707      93.0386
34.4834     630.8655     699.7747      68.9092     792.7340     161.8686      99.8957      92.9593
34.5341     630.9788     699.7747      68.7959     792.5532     161.5743      99.7220      92.7784
34.5877     630.9141     699.7585      68.8445     792.3187     161.4046      99.6979      92.5602
34.6460     630.9626     699.8071      68.8445     792.4744     161.5118      99.7336      92.6673
34.6983     630.9464     699.8071      68.8607     792.5758     161.6293      99.7836      92.7687
34.7509     630.9950     699.7261      68.7311     792.5287     161.5337      99.6653      92.8026
34.8092     631.0436     699.7909      68.7473     791.8458     160.8022      99.4323      92.0549
34.8672     631.0760     699.7423      68.6664     792.4656     161.3896      99.5741      92.7233
34.9230     631.0436     699.7747      68.7311     792.5268     161.4832      99.6485      92.7521
34.9805     631.0922     699.7585      68.6664     792.0847     160.9926      99.4418      92.3262
35.0369     631.1245     699.7585      68.6340     792.4148     161.2903      99.5194      92.6563
35.0887     631.2379     699.8719      68.6340     792.3519     161.1141      99.4607      92.4800
35.1465     631.1407     699.8395      68.6988     792.1818     161.0410      99.4795      92.3422
35.2091     631.1407     699.7261      68.5854     792.3387     161.1980      99.4563      92.6126
35.2561     631.2217     699.8557      68.6340     792.3872     161.1656      99.4779      92.5315
35.3103     631.1569     699.7747      68.6178     791.7954     160.6385      99.2914      92.0207
35.3655     631.2055     699.7423      68.5369     791.7038     160.4983      99.1907      91.9615
35.4207     631.2379     699.7747      68.5369     792.2639     161.0261      99.3666      92.4892
35.4710     631.2379     699.8719      68.6340     792.2808     161.0429      99.4370      92.4089
35.5264     631.3188     699.7909      68.4721     791.5235     160.2047      99.0496      91.7325
35.5825     631.4159     699.8071      68.3912     791.7348     160.3189      99.0337      91.9277
35.6432     631.3350     699.8395      68.5045     792.0348     160.6998      99.2363      92.1953
35.7004     631.3836     699.8395      68.4559     791.9007     160.5171      99.1430      92.0611
35.7557     631.4321     699.8395      68.4074     791.8381     160.4059      99.0736      91.9985
35.8033     631.4645     699.8233      68.3588     791.7454     160.2809      98.9995      91.9221
35.8513     631.4159     699.8071      68.3912     791.9862     160.5702      99.1175      92.1790
35.9108     631.4807     699.8557      68.3750     792.1434     160.6627      99.1376      92.2877
35.9789     631.5293     699.8071      68.2778     791.3767     159.8474      98.8010      91.5695
36.0313     631.4807     699.8071      68.3264     791.6730     160.1923      98.9484      91.8659
36.0773     631.5778     699.7909      68.2131     791.9099     160.3320      98.9194      92.1189
36.1372     631.4969     699.8071      68.3102     791.5373     160.0404      98.8869      91.7301
36.1963     631.5455     699.7585      68.2131     791.4746     159.9291      98.7851      91.7160
36.2521     631.5455     699.7585      68.2131     791.2964     159.7509      98.7257      91.5379
36.3067     631.5940     699.7261      68.1321     791.4058     159.8117      98.6920      91.6796
36.3568     631.6426     699.7585      68.1159     791.6268     159.9842      98.7387      91.8682
36.4179     631.5940     699.7423      68.1483     791.1235     159.5295      98.6087      91.3811
36.4715     631.6102     699.7747      68.1645     791.2117     159.6015      98.6435      91.4370
36.5298     631.5778     699.7423      68.1645     791.4800     159.9022      98.7437      91.7377
36.5786     631.6426     699.7585      68.1159     791.5257     159.8831      98.7050      91.7672
36.6334     631.7236     699.7099      67.9864     791.2600     159.5364      98.5031      91.5500
36.6864     631.6912     699.7423      68.0512     791.3941     159.7030      98.6018      91.6518
36.7514     631.6750     699.7909      68.1159     791.1192     159.4442      98.5587      91.3283
36.8030     631.7559     699.7585      68.0026     791.1311     159.3751      98.4601      91.3725
36.8582     631.7397     699.7909      68.0512     790.9354     159.1957      98.4327      91.1445
36.9105     631.7397     699.7909      68.0512     790.9326     159.1928      98.4317      91.1416
36.9710     631.7721     699.7099      67.9378     790.9309     159.1588      98.3448      91.2210
37.0234     631.8693     699.7585      67.8893     791.2074     159.3381      98.3722      91.4489
37.0806     631.8854     699.7099      67.8245     790.7213     158.8358      98.1616      91.0113
37.1338     631.9016     699.7261      67.8245     790.9852     159.0835      98.2442      91.2590
37.1933     631.8854     699.7585      67.8731     790.9285     159.0430      98.2631      91.1700
37.2499     631.9502     699.7423      67.7921     790.4900     158.5398      98.0414      90.7477
37.2986     631.9502     699.7423      67.7921     790.9146     158.9644      98.1829      91.1723
37.3470     631.9664     699.7423      67.7759     790.2934     158.3270      97.9596      90.5511
37.4023     631.9826     699.7747      67.7921     790.6146     158.6321      98.0721      90.8399
37.4661     632.0473     699.7585      67.7112     790.7727     158.7254      98.0492      91.0142
37.5221     631.9988     699.7909      67.7921     790.5823     158.5835      98.0559      90.7913
37.5826     632.0473     699.7909      67.7436     790.5795     158.5322      98.0065      90.7886
37.6341     632.0959     699.7585      67.6626     790.5414     158.4455      97.9236      90.7829
37.6826     632.0797     699.7747      67.6950     790.4817     158.4020      97.9307      90.7070
37.7380     632.1445     699.8233      67.6788     790.6223     158.4779      97.9452      90.7990
37.7897     632.1607     699.7423      67.5817     790.2536     158.0929      97.7521      90.5112
37.8396     632.1769     699.7585      67.5817     790.5659     158.3890      97.8508      90.8073
37.8971     632.1931     699.8557      67.6627     790.7911     158.5980      97.9745      90.9354
37.9517     632.2092     699.8071      67.5979     790.6599     158.4507      97.8821      90.8528
38.0005     632.1607     699.7423      67.5817     790.3252     158.1645      97.7759      90.5828
38.0619     632.3064     699.7585      67.4522     790.2808     157.9744      97.6262      90.5223
38.1157     632.2578     699.7423      67.4845     790.2388     157.9810      97.6500      90.4965
38.1739     632.3388     699.7423      67.4036     790.1088     157.7700      97.5257      90.3664
38.2283     632.3226     699.8071      67.4846     789.9939     157.6713      97.5468      90.1868
38.2903     632.3388     699.7909      67.4522     790.4586     158.1199      97.6747      90.6677
38.3334     632.2902     699.7909      67.5007     790.2847     157.9946      97.6653      90.4938
38.3988     632.3388     699.6938      67.3550     790.1415     157.8027      97.5042      90.4477
38.4516     632.3873     699.7747      67.3874     790.0426     157.6553      97.4767      90.2679
38.5056     632.4197     699.7909      67.3712     790.1580     157.7383      97.4936      90.3671
38.5585     632.4197     699.7909      67.3712     789.8574     157.4377      97.3934      90.0665
38.6043     632.4521     699.7747      67.3226     790.0570     157.6049      97.4167      90.2823
38.6659     632.4521     699.8071      67.3550     789.9518     157.4997      97.4032      90.1446
38.7168     632.4683     699.7099      67.2417     789.9942     157.5259      97.3364      90.2842
38.7720     632.5007     699.7261      67.2255     789.8428     157.3422      97.2644      90.1167
38.8286     632.4845     699.7423      67.2579     790.0811     157.5966      97.3708      90.3387
38.8775     632.5168     699.7585      67.2417     790.0277     157.5109      97.3314      90.2692
38.9288     632.5978     699.7423      67.1445     789.7324     157.1346      97.1412      89.9901
38.9961     632.5816     699.7423      67.1607     789.9769     157.3953      97.2389      90.2346
39.0350     632.6302     699.6938      67.0636     789.7174     157.0872      97.0715      90.0236
39.0981     632.6464     699.7261      67.0798     789.6019     156.9555      97.0384      89.8758
39.1578     632.6626     699.7585      67.0960     789.7046     157.0420      97.0780      89.9460
39.2194     632.7435     699.7747      67.0312     789.8969     157.1534      97.0720      90.1222
39.2813     632.7435     699.7585      67.0150     789.8795     157.1360      97.0554      90.1210
39.3400     632.7111     699.7747      67.0636     789.5783     156.8671      96.9981      89.8035
39.3977     632.8406     699.8233      66.9827     789.6475     156.8069      96.9241      89.8242
39.4572     632.8892     699.8071      66.9179     789.6361     156.7469      96.8609      89.8290
39.5044     632.8730     699.8233      66.9503     789.7294     156.8563      96.9190      89.9061
39.5545     632.8568     699.8557      66.9989     789.8060     156.9491      96.9823      89.9502
39.5962     632.9054     699.7747      66.8693     789.3974     156.4920      96.7436      89.6227
39.6565     632.9863     699.8071      66.8208     789.7420     156.7557      96.7991      89.9349
39.7046     632.9702     699.8395      66.8694     789.7980     156.8278      96.8555      89.9585
39.7796     633.0025     699.7423      66.7398     789.7405     156.7379      96.7392      89.9981
39.8338     633.0025     699.8071      66.8046     789.4727     156.4701      96.6931      89.6655
39.8843     633.0349     699.7585      66.7236     789.2488     156.2138      96.5537      89.4902
39.9498     633.0673     699.7585      66.6912     789.5639     156.4966      96.6264      89.8054
40.0129     633.1159     699.7423      66.6265     789.4404     156.3246      96.5258      89.6981
40.0718     633.0997     699.7747      66.6751     789.3796     156.2800      96.5434      89.6049
40.1211     633.0511     699.8071      66.7560     789.1569     156.1058      96.5393      89.3498
40.1726     633.1482     699.7585      66.6103     789.2868     156.1385      96.4530      89.5282
40.2321     633.2454     699.7423      66.4970     789.2784     156.0331      96.3423      89.5361
40.2820     633.1482     699.7099      66.5617     789.5153     156.3671      96.4968      89.8054
40.3528     633.1644     699.7423      66.5779     789.2657     156.1013      96.4190      89.5234
40.4102     633.1644     699.7585      66.5941     789.2465     156.0821      96.4234      89.4880
40.4654     633.3101     699.8071      66.4970     789.0090     155.6988      96.2309      89.2018
40.5096     633.2130     699.7261      66.5131     789.2832     156.0702      96.3655      89.5571
40.5855     633.2616     699.7261      66.4646     788.9434     155.6818      96.2036      89.2172
40.6372     633.2454     699.7585      66.5132     789.2350     155.9896      96.3386      89.4764
40.6730     633.3263     699.7261      66.3998     789.1841     155.8578      96.2191      89.4579
40.7405     633.2940     699.7747      66.4808     788.6834     155.3894      96.1170      88.9086
40.8049     633.3101     699.7261      66.4160     789.3161     156.0060      96.2793      89.5900
40.8701     633.2940     699.7261      66.4322     789.2048     155.9108      96.2584      89.4786
40.9179     633.3425     699.6938      66.3512     788.9185     155.5760      96.0928      89.2247
40.9664     633.3911     699.6938      66.3027     788.6438     155.2527      95.9527      88.9500
41.0339     633.4235     699.6938      66.2703     789.0856     155.6621      96.0676      89.3918
41.0893     633.4558     699.6776      66.2217     788.6636     155.2078      95.8837      88.9861
41.1296     633.4558     699.7585      66.3027     789.0982     155.6424      96.0826      89.3397
41.1979     633.4558     699.7747      66.3189     788.2781     154.8223      95.8200      88.5034
41.2582     633.4882     699.7423      66.2541     788.5685     155.0803      95.8628      88.8262
41.3095     633.4882     699.6776      66.1893     788.7943     155.3061      95.8949      89.1167
41.3676     633.5044     699.6776      66.1731     788.8162     155.3118      95.8860      89.1386
41.4172     633.5530     699.6938      66.1408     788.9368     155.3839      95.8885      89.2431
41.4794     633.5854     699.7099      66.1246     788.9108     155.3254      95.8582      89.2008
41.5068     633.6501     699.7099      66.0598     788.8915     155.2414      95.7870      89.1815
41.5786     633.6339     699.6614      66.0274     788.8656     155.2317      95.7622      89.2042
41.6524     633.6016     699.7099      66.1084     788.8811     155.2796      95.8321      89.1712
41.7137     633.6501     699.7261      66.0760     788.2515     154.6013      95.5845      88.5253
41.7681     633.6987     699.7261      66.0274     788.5118     154.8131      95.6227      88.7856
41.8152     633.6987     699.7261      66.0274     788.7256     155.0269      95.6939      88.9994
41.8505     633.7311     699.8395      66.1084     788.3258     154.5947      95.6039      88.4863
41.9186     633.7473     699.7261      65.9789     788.6838     154.9365      95.6314      88.9577
41.9804     633.8444     699.8071      65.9627     788.7073     154.8629      95.5961      88.9002
42.0532     633.8930     699.7747      65.8818     788.7686     154.8757      95.5464      88.9939
42.0967     633.7958     699.8071      66.0113     788.1757     154.3799      95.4675      88.3686
42.1644     633.9092     699.7261      65.8170     788.2161     154.3069      95.3136      88.4899
42.2071     633.8768     699.8395      65.9627     788.4786     154.6018      95.5091      88.6391
42.2740     633.9577     699.7099      65.7522     788.3228     154.3651      95.2898      88.6129
42.3298     633.9092     699.8071      65.8980     788.7428     154.8337      95.5432      88.9357
42.3404     633.9415     699.7747      65.8332     788.7186     154.7771      95.4812      88.9439
42.4050     633.9901     699.7423      65.7522     788.6210     154.6309      95.3784      88.8786
42.4889     634.0063     699.8233      65.8170     788.1309     154.1246      95.2529      88.3075
42.5042     634.0711     699.7747      65.7037     788.5911     154.5201      95.3091      88.8164
42.6022     634.0549     699.6938      65.6389     788.2192     154.1644      95.1474      88.5255
42.6353     634.0549     699.7261      65.6713     788.3939     154.3390      95.2272      88.6678
42.7173     634.0225     699.7261      65.7037     787.9348     153.9123      95.1065      88.2086
42.7580     634.1358     699.8395      65.7037     788.5668     154.4310      95.2795      88.7273
42.8275     634.1682     699.7261      65.5579     788.4530     154.2848      95.1336      88.7269
42.8753     634.1034     699.7099      65.6065     788.3357     154.2323      95.1484      88.6258
42.9080     634.1844     699.7423      65.5580     788.3149     154.1306      95.0822      88.5726
42.9812     634.1358     699.7261      65.5903     787.4991     153.3633      94.8480      87.7729
43.0489     634.2168     699.7261      65.5094     787.5796     153.3628      94.7939      87.8534
43.1074     634.2168     699.7261      65.5094     788.1837     153.9669      94.9952      88.4575
43.1383     634.2977     699.7261      65.4284     788.1866     153.8889      94.9153      88.4605
43.1593     634.2815     699.6938      65.4122     787.7843     153.5028      94.7758      88.0906
43.2233     634.2977     699.6938      65.3960     787.7384     153.4407      94.7443      88.0447
43.3280     634.3139     699.7423      65.4284     788.2510     153.9371      94.9313      88.5087
43.3440     634.3463     699.7909      65.4446     787.9628     153.6165      94.8353      88.1719
43.3773     634.3301     699.6776      65.3475     788.2373     153.9072      94.8674      88.5598
43.4861     634.3625     699.7099      65.3475     787.4388     153.0764      94.5904      87.7289
43.5284     634.3787     699.7099      65.3313     788.2069     153.8282      94.8303      88.4969
43.5975     634.4434     699.7585      65.3151     788.2266     153.7832      94.8045      88.4681
43.6288     634.4110     699.7261      65.3151     788.1956     153.7846      94.8049      88.4695
43.6949     634.5244     699.6614      65.1370     787.8230     153.2986      94.5242      88.1616
43.7339     634.4920     699.6614      65.1694     787.7546     153.2626      94.5338      88.0933
43.8231     634.5244     699.6938      65.1694     787.5540     153.0296      94.4561      87.8602
43.8372     634.5406     699.7585      65.2180     788.0784     153.5378      94.6579      88.3198
43.9367     634.5082     699.7099      65.2018     787.7081     153.2000      94.5345      87.9982
43.9891     634.5244     699.6938      65.1694     787.4425     152.9181      94.4190      87.7487
44.0140     634.6053     699.7585      65.1532     788.0224     153.4171      94.5745      88.2639
44.0956     634.7834     699.7099      64.9265     787.2989     152.5155      94.1229      87.5890
44.1441     634.6377     699.7099      65.0723     787.6234     152.9857      94.3767      87.9135
44.1657     634.6539     699.7585      65.1046     787.4139     152.7601      94.3231      87.6554
44.2281     634.6539     699.7261      65.0723     787.7429     153.0891      94.4112      88.0168
44.2772     634.6701     699.7585      65.0885     787.7597     153.0896      94.4222      88.0012
44.3428     634.6863     699.7261      65.0399     787.7804     153.0941      94.3913      88.0543
44.4085     634.7348     699.7261      64.9913     787.9043     153.1695      94.3840      88.1782
44.4508     634.8158     699.6614      64.8456     787.7226     152.9068      94.1993      88.0612
44.4956     634.7672     699.7423      64.9751     787.5621     152.7949      94.2484      87.8197
44.5968     634.8320     699.7099      64.8780     787.6343     152.8023      94.1861      87.9244
44.6683     634.8158     699.7423      64.9266     787.2887     152.4729      94.1087      87.5464
44.7197     634.8482     699.7099      64.8618     787.1350     152.2868      94.0035      87.4251
44.7685     634.8644     699.7261      64.8618     787.6560     152.7917      94.1718      87.9299
44.8094     634.9939     699.7261      64.7323     787.4802     152.4864      93.9836      87.7541
44.8421     634.8967     699.7261      64.8294     787.7624     152.8657      94.1748      88.0363
44.8274     634.8805     699.6938      64.8132     787.3298     152.4492      94.0252      87.6360
44.9808     634.9777     699.6776      64.6999     787.1827     152.2050      93.8683      87.5051
44.9949     634.8805     699.7099      64.8294     787.5823     152.7017      94.1202      87.8723
45.0771     635.0262     699.6290      64.6027     787.2340     152.2078      93.8044      87.6051
